#SE OBTIENE LA MISMA SOLUCIÓN:
Aparecen los valores x0 agrupados en columnas (cada columna una solución)
-4.5642	-0.25907	3.432
-6
-5.9
-5.8
-5.7
-5.6
-5.5
-5.4
-5.3
-5.2
-5.1
-5
-4.9
-4.8
-4.7
-4.6
-4.5
-4.4
-4.3
-4.2
-4.1
-4
-3.9
-3.8
-3.7
-3.6
-3.5
-3.4
-3.3
-3.2
-3.1
-3
-2.9
-2.8
-2.7
-2.6
-2.5
					-2.4
					-2.3
					-2.2
					-2.1
					-2
-1.9
		-1.8
		-1.7
		-1.6
		-1.5
		-1.4
		-1.3
		-1.2
		-1.1
		-1
		-0.900004
		-0.800004
		-0.700004
		-0.600003
		-0.500003
		-0.400003
		-0.300003
		-0.200003
		-0.100003
		-3.47346e-06
		0.0999965
		0.199997
		0.299997
		0.399997
		0.499997
		0.599997
		0.699997
		0.799997
		0.899997
		0.999997
		1.1
		1.2
		1.3
		1.4
		1.5
		1.6
		1.7
		1.8
					1.9
2
2.1
2.2
					2.3
					2.4
					2.5
					2.6
					2.7
					2.8
					2.9
					3
					3.1
					3.2
					3.3
					3.4
					3.5
					3.6
					3.7
					3.8
					3.9
					3.99999
					4.1
					4.2
					4.29999
					4.39999
					4.49999
					4.59999
					4.69999
					4.79999
					4.89999
					4.99999
