#DATOS PARA h=0.1
t		Y1		Y2		V1		V2
0		3		4		0		0
0.1		3		4		-0.2		-0.1
0.2		2.98		3.99		-0.4		-0.2
0.3		2.94		3.97		-0.59575		-0.301
0.4		2.88042		3.9399		-0.783		-0.404
0.5		2.80212		3.8995		-0.957645		-0.509948
0.6		2.70636		3.84851		-1.11587		-0.619685
0.7		2.59477		3.78654		-1.25429		-0.733899
0.8		2.46934		3.71315		-1.37008		-0.853076
0.9		2.33234		3.62784		-1.46108		-0.977456
1		2.18623		3.53009		-1.52591		-1.10701
1.1		2.03364		3.41939		-1.56401		-1.24139
1.2		1.87724		3.29525		-1.57571		-1.37997
1.3		1.71967		3.15726		-1.56221		-1.52177
1.4		1.56344		3.00508		-1.52559		-1.66553
1.5		1.41089		2.83853		-1.46874		-1.80969
1.6		1.26401		2.65756		-1.39526		-1.95246
1.7		1.12449		2.46231		-1.30939		-2.09181
1.8		0.993547		2.25313		-1.21583		-2.22559
1.9		0.871964		2.03057		-1.1196		-2.35155
2		0.760004		1.79542		-1.02584		-2.46741
2.1		0.657421		1.54867		-0.93964		-2.57095
2.2		0.563457		1.29158		-0.865848		-2.66008
2.3		0.476872		1.02557		-0.808858		-2.73289
2.4		0.395986		0.752282		-0.772445		-2.78776
2.5		0.318742		0.473506		-0.759591		-2.82339
2.6		0.242783		0.191167		-0.77235		-2.83887
2.7		0.165548		-0.0927198		-0.811731		-2.83371
2.8		0.0843744		-0.37609		-0.877621		-2.80788
2.9		-0.00338766		-0.656878		-0.968749		-2.76183
3		-0.100263		-0.933062		-1.08269		-2.69648
3.1		-0.208531		-1.20271		-1.21589		-2.6132
3.2		-0.330121		-1.46403		-1.36381		-2.51379
3.3		-0.466501		-1.71541		-1.52098		-2.4004
3.4		-0.618599		-1.95545		-1.68122		-2.2755
3.5		-0.786722		-2.183		-1.83785		-2.14182
3.6		-0.970506		-2.39718		-1.98386		-2.00219
3.7		-1.16889		-2.5974		-2.11221		-1.85952
3.8		-1.38011		-2.78335		-2.21609		-1.71667
3.9		-1.60172		-2.95502		-2.28914		-1.57635
4		-1.83064		-3.11266		-2.32575		-1.44102
4.1		-2.06321		-3.25676		-2.32128		-1.31282
4.2		-2.29534		-3.38804		-2.27225		-1.19346
4.3		-2.52256		-3.50739		-2.17655		-1.08419
4.4		-2.74022		-3.6158		-2.03357		-0.985711
4.5		-2.94358		-3.71438		-1.84427		-0.898153
4.6		-3.128		-3.80419		-1.61122		-0.821073
4.7		-3.28913		-3.8863		-1.33855		-0.753454
4.8		-3.42298		-3.96164		-1.03191		-0.693737
4.9		-3.52617		-4.03102		-0.698308		-0.63987
5		-3.596		-4.095		-0.345884		-0.589386
5.1		-3.63059		-4.15394		0.0162908		-0.539486
5.2		-3.62896		-4.20789		0.378528		-0.48715
5.3		-3.59111		-4.25661		0.730836		-0.429257
5.4		-3.51803		-4.29953		1.06326		-0.362708
5.5		-3.4117		-4.3358		1.36625		-0.284557
5.6		-3.27507		-4.36426		1.631		-0.192147
5.7		-3.11197		-4.38347		1.84977		-0.0832283
5.8		-2.927		-4.3918		2.01626		0.0439216
5.9		-2.72537		-4.3874		2.12579		0.190402
6		-2.51279		-4.36836		2.17561		0.356605
6.1		-2.29523		-4.3327		2.16498		0.542162
6.2		-2.07873		-4.27849		2.09533		0.745909
6.3		-1.8692		-4.2039		1.97021		0.965885
6.4		-1.67218		-4.10731		1.79529		1.19935
6.5		-1.49265		-3.98737		1.57817		1.44287
6.6		-1.33483		-3.84309		1.32817		1.69234
6.7		-1.20202		-3.67385		1.05608		1.94316
6.8		-1.09641		-3.47954		0.773762		2.19035
6.9		-1.01903		-3.2605		0.493766		2.42866
7		-0.969655		-3.01763		0.228888		2.65281
7.1		-0.946766		-2.75235		-0.00830189		2.85761
7.2		-0.947597		-2.46659		-0.205934		3.03816
7.3		-0.96819		-2.16278		-0.353309		3.19006
7.4		-1.00352		-1.84377		-0.441338		3.30952
7.5		-1.04765		-1.51282		-0.462941		3.39355
7.6		-1.09395		-1.17346		-0.413388		3.44006
7.7		-1.13529		-0.829457		-0.290559		3.44802
7.8		-1.16434		-0.484655		-0.0951279		3.41743
7.9		-1.17386		-0.142912		0.16936		3.34946
8		-1.15692		0.192034		0.496508		3.24637
8.1		-1.10727		0.516671		0.87719		3.11147
8.2		-1.01955		0.827818		1.29979		2.94908
8.3		-0.889572		1.12273		1.75052		2.76434
8.4		-0.71452		1.39916		2.21387		2.56311
8.5		-0.493133		1.65547		2.67308		2.35174
8.6		-0.225825		1.89065		3.11073		2.13688
8.7		0.085248		2.10433		3.50934		1.92524
8.8		0.436182		2.29686		3.85202		1.72333
8.9		0.821384		2.46919		4.12312		1.53726
9		1.2337		2.62292		4.30881		1.37248
9.1		1.66458		2.76017		4.39771		1.23356
9.2		2.10435		2.88352		4.38137		1.124
9.3		2.54248		2.99592		4.25468		1.04608
9.4		2.96795		3.10053		4.01622		1.00074
9.5		3.36957		3.2006		3.66843		0.98748
9.6		3.73642		3.29935		3.21766		1.00438
9.7		4.05818		3.39979		2.67412		1.04808
9.8		4.3256		3.5046		2.05163		1.11392
9.9		4.53076		3.61599		1.36726		1.19602
10		4.66748		3.73559		0.640827		1.2875
10.1		4.73157		3.86434		-0.10569		1.38069
10.2		4.721		4.00241		-0.8489		1.46741
10.3		4.63611		4.14915		-1.56478		1.53927
10.4		4.47963		4.30308		-2.22951		1.58797
10.5		4.25668		4.46188		-2.82036		1.60562
10.6		3.97464		4.62244		-3.31653		1.5851
10.7		3.64299		4.78095		-3.7		1.52032
10.8		3.27299		4.93298		-3.95623		1.40653
10.9		2.87737		5.07363		-4.07486		1.24053
11		2.46988		5.19769		-4.05018		1.0209
11.1		2.06486		5.29978		-3.88155		0.74812
11.2		1.67671		5.37459		-3.57355		0.424629
11.3		1.31935		5.41705		-3.13601		0.054841
11.4		1.00575		5.42253		-2.58383		-0.354929
11.5		0.747369		5.38704		-1.93661		-0.796607
11.6		0.553708		5.30738		-1.21809		-1.26057
11.7		0.431899		5.18132		-0.455411		-1.73594
11.8		0.386358		5.00773		0.321751		-2.21088
11.9		0.418533		4.78664		1.0822		-2.67302
12		0.526752		4.51934		1.7943		-3.10983
12.1		0.706182		4.20836		2.42716		-3.50909
12.2		0.948898		3.85745		2.95176		-3.85931
12.3		1.24407		3.47152		3.34215		-4.15016
12.4		1.57829		3.0565		3.57644		-4.37291
12.5		1.93593		2.61921		3.63784		-4.52073
12.6		2.29972		2.16714		3.51542		-4.58906
12.7		2.65126		1.70823		3.20476		-4.5758
12.8		2.97174		1.25065		2.70832		-4.48149
12.9		3.24257		0.802501		2.03566		-4.30939
13		3.44613		0.371563		1.20333		-4.06538
13.1		3.56647		-0.0349754		0.234513		-3.75792
13.2		3.58992		-0.410768		-0.841547		-3.39778
13.3		3.50576		-0.750546		-1.99041		-2.99771
13.4		3.30672		-1.05032		-3.17348		-2.57208
13.5		2.98937		-1.30752		-4.3493		-2.13637
13.6		2.55444		-1.52116		-5.47493		-1.70669
13.7		2.00695		-1.69183		-6.50747		-1.29912
13.8		1.3562		-1.82174		-7.40563		-0.929246
13.9		0.615641		-1.91467		-8.13129		-0.611452
14		-0.197488		-1.97581		-8.65105		-0.358421
14.1		-1.06259		-2.01165		-8.93757		-0.180588
14.2		-1.95635		-2.02971		-8.97083		-0.085682
14.3		-2.85343		-2.03828		-8.73913		-0.0783456
14.4		-3.72735		-2.04612		-8.2398		-0.159861
14.5		-4.55133		-2.0621		-7.47966		-0.327984
14.6		-5.29929		-2.0949		-6.47513		-0.576906
14.7		-5.94681		-2.15259		-5.25195		-0.897345
14.8		-6.472		-2.24233		-3.84462		-1.27677
14.9		-6.85646		-2.37		-2.29542		-1.69973
15		-7.086		-2.53998		-0.653234		-2.14838
15.1		-7.15133		-2.75481		1.02807		-2.60298
15.2		-7.04852		-3.01511		2.69138		-3.04263
15.3		-6.77938		-3.31938		4.27829		-3.44598
15.4		-6.35155		-3.66397		5.73121		-3.79198
15.5		-5.77843		-4.04317		6.99548		-4.06073
15.6		-5.07888		-4.44924		8.02146		-4.23426
15.7		-4.27674		-4.87267		8.76651		-4.29722
15.8		-3.40009		-5.30239		9.19681		-4.23763
15.9		-2.48041		-5.72616		9.28892		-4.0474
16		-1.55152		-6.1309		9.03096		-3.72283
16.1		-0.648419		-6.50318		8.42351		-3.26489
16.2		0.193933		-6.82967		7.47998		-2.67941
16.3		0.941931		-7.09761		6.22661		-1.97705
16.4		1.56459		-7.29531		4.70195		-1.1731
16.5		2.03479		-7.41262		2.95589		-0.287107
16.6		2.33038		-7.44133		1.04825		0.657634
16.7		2.4352		-7.37557		-0.9531		1.6348
16.8		2.33989		-7.21209		-2.97439		2.61588
16.9		2.04245		-6.9505		-4.93847		3.57108
17		1.5486		-6.59339		-6.76754		4.47038
17.1		0.871851		-6.14636		-8.38597		5.28458
17.2		0.033254		-5.6179		-9.72313		5.9864
17.3		-0.939059		-5.01926		-10.7162		6.55151
17.4		-2.01068		-4.36411		-11.3129		6.95953
17.5		-3.14197		-3.66816		-11.4734		7.19487
17.6		-4.28931		-2.94867		-11.1727		7.24749
17.7		-5.40659		-2.22392		-10.402		7.11343
17.8		-6.44679		-1.51258		-9.16918		6.79516
17.9		-7.3637		-0.83306		-7.49984		6.30174
18		-8.11369		-0.202886		-5.43652		5.64868
18.1		-8.65734		0.361981		-3.03792		4.8576
18.2		-8.96113		0.847741		-0.377367		3.95566
18.3		-8.99887		1.24331		2.45933		2.97478
18.4		-8.75293		1.54078		5.37657		1.95056
18.5		-8.21528		1.73584		8.27208		0.921187
18.6		-7.38807		1.82796		11.0404		-0.0739253
18.7		-6.28403		1.82057		13.5768		-0.995528
18.8		-4.92635		1.72101		15.7806		-1.80599
18.9		-3.34829		1.54042		17.5596		-2.47072
19		-1.59233		1.29334		18.8337		-2.95959
19.1		0.29104		0.997383		19.5377		-3.24816
19.2		2.24481		0.672567		19.625		-3.3188
19.3		4.20731		0.340687		19.0692		-3.16157
19.4		6.11423		0.0245301		17.8666		-2.77491
19.5		7.9009		-0.252961		16.0367		-2.16594
19.6		9.50456		-0.469555		13.6221		-1.35055
19.7		10.8668		-0.60461		10.6886		-0.353141
19.8		11.9356		-0.639924		7.32275		0.793997
19.9		12.6679		-0.560525		3.63008		2.05155
20		13.0309		-0.355369		-0.26839		3.3744
20.1		13.0041		-0.0179294		-4.23986		4.71303
20.2		12.5801		0.453373		-8.14422		6.01523
20.3		11.7657		1.0549		-11.8389		7.2279
20.4		10.5818		1.77769		-15.184		8.29898
20.5		9.06338		2.60758		-18.0474		9.17939
20.6		7.25864		3.52552		-20.3101		9.82497
20.7		5.22763		4.50802		-21.8708		10.1983
20.8		3.04055		5.52785		-22.6501		10.2702
20.9		0.775536		6.55487		-22.5949		10.0215
21		-1.48396		7.55702		-21.6805		9.44358
21.1		-3.65201		8.50138		-19.9128		8.53948
21.2		-5.64329		9.35533		-17.3295		7.32414
21.3		-7.37624		10.0877		-13.9993		5.82428
21.4		-8.77617		10.6702		-10.0211		4.07788
21.5		-9.77828		11.078		-5.52096		2.13325
21.6		-10.3304		11.2913		-0.648832		0.0476237
21.7		-10.3953		11.296		4.42625		-2.11454
21.8		-9.95263		11.0846		9.52164		-4.28367
21.9		-9.00047		10.6562		14.4472		-6.38739
22		-7.55574		10.0175		19.0122		-8.35306
22.1		-5.65452		9.18218		23.032		-10.1104
22.2		-3.35132		8.17114		26.3352		-11.5941
22.3		-0.717799		7.01173		28.7706		-12.7463
22.4		2.15926		5.7371		30.213		-13.5193
22.5		5.18056		4.38518		30.5692		-13.877
22.6		8.23747		2.99747		29.7824		-13.7975
22.7		11.2157		1.61772		27.8357		-13.2735
22.8		13.9993		0.290374		24.7541		-12.3137
22.9		16.4747		-0.940996		20.6052		-10.9428
23		18.5352		-2.03528		15.4981		-9.20124
23.1		20.085		-2.9554		9.58133		-7.14419
23.2		21.0432		-3.66982		3.03863		-4.84015
23.3		21.347		-4.15384		-3.91654		-2.36885
23.4		20.9554		-4.39072		-11.0476		0.181235
23.5		19.8506		-4.3726		-18.1026		2.71584
23.6		18.0404		-4.10101		-24.8229		5.13816
23.7		15.5581		-3.5872		-30.9527		7.3523
23.8		12.4628		-2.85197		-36.2479		9.26683
23.9		8.838		-1.92528		-40.4858		10.7983
24		4.78942		-0.845453		-43.4742		11.8746
24.1		0.442001		0.34201		-45.0589		12.4381
24.2		-4.06389		1.58582		-45.1317		12.4481
24.3		-8.57706		2.83063		-43.635		11.8831
24.4		-12.9406		4.01895		-40.5665		10.7424
24.5		-16.9972		5.09319		-35.981		9.04643
24.6		-20.5953		5.99783		-29.9906		6.83739
24.7		-23.5944		6.68157		-22.7623		4.17807
24.8		-25.8706		7.09937		-14.5148		1.15048
24.9		-27.3221		7.21442		-5.51119		-2.14652
25		-27.8732		6.99977		3.94796		-5.60017
25.1		-27.4784		6.43975		13.5349		-9.08747
25.2		-26.1249		5.53101		22.9054		-12.4793
25.3		-23.8344		4.28308		31.7108		-15.6449
25.4		-20.6633		2.71859		39.6106		-18.4566
25.5		-16.7022		0.872927		46.2854		-20.7948
25.6		-12.0737		-1.20655		51.4488		-22.5523
25.7		-6.92883		-3.46179		54.8598		-23.639
25.8		-1.44285		-5.82569		56.3326		-23.9857
25.9		4.19041		-8.22427		55.746		-23.5475
26		9.765		-10.579		53.0496		-22.306
26.1		15.07		-12.8096		48.2688		-20.2716
26.2		19.8968		-14.8368		41.5061		-17.4836
26.3		24.0474		-16.5851		32.9406		-14.0103
26.4		27.3415		-17.9862		22.824		-9.94702
26.5		29.6239		-18.9809		11.4739		-5.41425
26.6		30.7713		-19.5223		-0.734882		-0.553777
26.7		30.6978		-19.5777		-13.3827		4.47558
26.8		29.3595		-19.1301		-26.0181		9.50313
26.9		26.7577		-18.1798		-38.1737		14.3521
27		22.9404		-16.7446		-49.3825		18.8458
27.1		18.0021		-14.86		-59.1949		22.8143
27.2		12.0826		-12.5786		-67.1961		26.1006
27.3		5.363		-9.96851		-73.0221		28.5667
27.4		-1.93921		-7.11185		-76.3755		30.0998
27.5		-9.57675		-4.10186		-77.0383		30.6171
27.6		-17.2806		-1.04016		-74.8831		30.0696
27.7		-24.7689		1.9668		-69.881		28.4456
27.8		-31.757		4.81136		-62.1061		25.772
27.9		-37.9676		7.38856		-51.737		22.1152
28		-43.1413		9.60007		-39.0537		17.5795
28.1		-47.0467		11.358		-24.4313		12.3054
28.2		-49.4898		12.5886		-8.32967		6.46493
28.3		-50.3228		13.2351		8.72027		0.257091
28.4		-49.4507		13.2608		26.1332		-6.09869
28.5		-46.8374		12.6509		43.2891		-12.3698
28.6		-42.5085		11.4139		59.5542		-18.3187
28.7		-36.5531		9.58205		74.3042		-23.7109
28.8		-29.1227		7.21096		86.947		-28.3244
28.9		-20.428		4.37851		96.9457		-31.9578
29		-10.7334		1.18273		103.84		-34.4384
29.1		-0.349361		-2.26111		107.267		-35.6301
29.2		10.3774		-5.82412		106.976		-35.4389
29.3		21.075		-9.36801		102.844		-33.8187
29.4		31.3594		-12.7499		94.8821		-30.7744
29.5		40.8476		-15.8273		83.2431		-26.3635
29.6		49.1719		-18.4637		68.219		-20.696
29.7		55.9938		-20.5333		50.2363		-13.9324
29.8		61.0175		-21.9265		29.8448		-6.27973
29.9		64.0019		-22.5545		7.70242		2.01467
30		64.7722		-22.353		-15.4452		10.6703
30.1		63.2277		-21.286		-38.7886		19.3828
30.2		59.3488		-19.3477		-61.482		27.8342
30.3		53.2006		-16.5643		-82.6725		35.7039
30.4		44.9334		-12.9939		-101.531		42.6803
30.5		34.7802		-8.72587		-117.285		48.4731
30.6		23.0517		-3.87856		-129.246		52.8237
30.7		10.127		1.4038		-136.841		55.5167
30.8		-3.55703		6.95547		-139.633		56.389
30.9		-17.5203		12.5944		-137.349		55.3378
31		-31.2552		18.1282		-129.889		52.3263
31.1		-44.2441		23.3608		-117.34		47.388
31.2		-55.9781		28.0996		-99.9783		40.6275
31.3		-65.9759		32.1623		-78.2675		32.2197
31.4		-73.8027		35.3843		-52.8463		22.4059
31.5		-79.0873		37.6249		-24.5133		11.4872
31.6		-81.5386		38.7736		5.79727		-0.184029
31.7		-80.9589		38.7552		37.0442		-12.2153
31.8		-77.2545		37.5337		68.1141		-24.1867
31.9		-70.4431		35.115		97.8588		-35.6655
32		-60.6572		31.5485		125.137		-46.2213
32.1		-48.1435		26.9263		148.855		-55.4418
32.2		-33.258		21.3822		168.01		-62.9488
32.3		-16.457		15.0873		181.729		-68.4128
32.4		1.71596		8.24598		189.307		-71.5673
32.5		20.6466		1.08926		190.235		-72.2203
32.6		39.6701		-6.13277		184.232		-70.2645
32.7		58.0933		-13.1592		171.257		-65.6842
32.8		75.219		-19.7276		151.527		-58.559
32.9		90.3717		-25.5835		125.508		-49.0643
33		102.923		-30.49		93.9198		-37.4688
33.1		112.315		-34.2369		57.7073		-24.1275
33.2		118.085		-36.6496		18.0215		-9.4724
33.3		119.887		-37.5969		-23.8177		6.00108
33.4		117.506		-36.9967		-66.3634		21.7495
33.5		110.869		-34.8218		-108.09		37.1997
33.6		100.06		-31.1018		-147.444		51.7689
33.7		85.3159		-25.9249		-182.905		64.8851
33.8		67.0254		-19.4364		-213.037		76.0092
33.9		45.7218		-11.8355		-236.546		84.6553
34		22.0672		-3.36997		-252.333		90.4111
34.1		-3.16615		5.67113		-259.543		92.9548
34.2		-29.1205		14.9666		-257.601		92.0711
34.3		-54.8806		24.1737		-246.246		87.6624
34.4		-79.5052		32.94		-225.551		79.7569
34.5		-102.06		40.9156		-195.935		68.5124
34.6		-121.654		47.7669		-158.157		54.2148
34.7		-137.469		53.1884		-113.301		37.2727
34.8		-148.8		56.9156		-62.7527		18.207
34.9		-155.075		58.7363		-8.15253		-2.36457
35		-155.89		58.4999		48.6488		-23.7457
35.1		-151.025		56.1253		105.653		-45.1847
35.2		-140.46		51.6068		160.783		-65.8997
35.3		-124.382		45.0169		211.952		-85.1064
35.4		-103.186		36.5062		257.144		-102.046
35.5		-77.472		26.3016		294.489		-116.016
35.6		-48.0231		14.7		322.333		-126.393
35.7		-15.7898		2.06076		339.313		-132.665
35.8		18.1415		-11.2058		344.41		-134.45
35.9		52.5826		-24.6508		337.007		-131.516
36		86.2832		-37.8023		316.918		-123.792
36.1		117.975		-50.1816		284.418		-111.384
36.2		146.417		-61.3199		240.244		-94.568
36.3		170.441		-70.7767		185.588		-73.7943
36.4		189		-78.1562		122.069		-49.6725
36.5		201.207		-83.1234		51.6919		-22.9569
36.6		206.376		-85.4191		-23.2167		5.47613
36.7		204.054		-84.8715		-100.078		34.6556
36.8		194.047		-81.4059		-176.147		63.5482
36.9		176.432		-75.0511		-248.607		91.0935
37		151.571		-65.9418		-314.67		116.242
37.1		120.104		-54.3176		-371.681		137.993
37.2		82.9361		-40.5183		-417.218		155.435
37.3		41.2143		-24.9747		-449.19		167.781
37.4		-3.70473		-8.19667		-465.925		174.4
37.5		-50.2972		9.24329		-466.248		174.849
37.6		-96.922		26.7282		-449.541		168.895
37.7		-141.876		43.6176		-415.787		156.53
37.8		-183.455		59.2706		-365.591		137.98
37.9		-220.014		73.0687		-300.182		113.708
38		-250.032		84.4394		-221.391		84.3996
38.1		-272.171		92.8794		-131.605		50.9524
38.2		-285.332		97.9746		-33.6993		14.4474
38.3		-288.702		99.4194		69.0458		-23.8833
38.4		-281.797		97.0311		173.055		-62.6954
38.5		-264.492		90.7615		274.574		-100.578
38.6		-237.034		80.7037		369.805		-136.103
38.7		-200.054		67.0934		455.038		-167.877
38.8		-154.55		50.3056		526.796		-194.592
38.9		-101.87		30.8464		581.964		-215.077
39		-43.6738		9.33868		617.923		-228.349
39.1		18.1185		-13.4962		632.66		-233.65
39.2		81.3845		-36.8613		624.862		-230.489
39.3		143.871		-59.9102		593.996		-218.664
39.4		203.27		-81.7766		540.351		-198.286
39.5		257.305		-101.605		465.059		-169.782
39.6		303.811		-118.583		370.086		-133.891
39.7		340.82		-131.972		258.191		-91.651
39.8		366.639		-141.138		132.85		-44.3718
39.9		379.924		-145.575		-1.84119		6.40585
40		379.74		-144.934		-141.294		58.9557
40.1		365.61		-139.039		-280.579		111.423
40.2		337.553		-127.896		-414.594		161.888
40.3		296.093		-111.707		-538.242		208.433
40.4		242.269		-90.8642		-646.619		249.213
40.5		177.607		-65.9429		-735.2		282.526
40.6		104.087		-37.6902		-800.023		306.881
40.7		24.0847		-7.00212		-837.844		321.059
40.8		-59.6997		25.1038		-846.295		324.168
40.9		-144.329		57.5205		-823.992		315.687
41		-226.728		89.0893		-770.627		295.502
41.1		-303.791		118.64		-687.018		263.921
41.2		-372.493		145.032		-575.119		221.677
41.3		-430.005		167.199		-437.99		169.925
41.4		-473.804		184.192		-279.729		110.205
41.5		-501.777		195.212		-105.354		44.405
41.6		-512.312		199.653		79.3408		-25.2939
41.7		-504.378		197.123		267.974		-96.4904
41.8		-477.581		187.474		453.784		-166.641
41.9		-432.202		170.81		629.866		-233.146
42		-369.216		147.496		789.419		-293.447
42.1		-290.274		118.151		925.995		-345.119
42.2		-197.674		83.6391		1033.75		-385.961
42.3		-94.2991		45.043		1107.69		-414.092
42.4		16.4702		3.63377		1143.87		-428.027
42.5		130.857		-39.1689		1139.56		-426.743
42.6		244.813		-81.8432		1093.45		-409.74
42.7		354.158		-122.817		1005.68		-377.075
42.8		454.726		-160.525		877.942		-329.377
42.9		542.52		-193.462		713.432		-267.852
43		613.863		-220.248		516.82		-194.254
43.1		665.545		-239.673		294.118		-110.843
43.2		694.957		-250.757		52.5117		-20.3211
43.3		700.208		-252.789		-199.858		74.2503
43.4		680.222		-245.364		-454.159		169.55
43.5		634.807		-228.409		-701.164		262.109
43.6		564.69		-202.199		-931.578		348.43
43.7		471.532		-167.355		-1136.37		425.119
43.8		357.895		-124.844		-1307.12		489.008
43.9		227.184		-75.9428		-1436.33		537.282
44		83.5505		-22.2146		-1517.78		567.595
44.1		-68.2272		34.5449		-1546.73		578.171
44.2		-222.9		92.362		-1520.22		567.894
44.3		-374.922		149.151		-1437.18		536.368
44.4		-518.64		202.788		-1298.61		483.96
44.5		-648.501		251.184		-1107.53		411.817
44.6		-759.253		292.366		-869.018		321.849
44.7		-846.155		324.551		-590.078		216.687
44.8		-905.163		346.22		-279.435		99.6164
44.9		-933.106		356.181		52.7024		-25.5218
45		-927.836		353.629		394.966		-154.451
45.1		-888.34		338.184		735.202		-282.597
45.2		-814.819		309.924		1060.89		-405.249
45.3		-708.731		269.399		1359.57		-517.724
45.4		-572.774		217.627		1619.33		-615.537
45.5		-410.841		156.073		1829.25		-694.577
45.6		-227.916		86.6155		1979.81		-751.268
45.7		-29.9342		11.4887		2063.35		-782.721
45.8		176.4		-66.7834		2074.34		-786.864
45.9		383.834		-145.47		2009.73		-762.545
46		584.807		-221.724		1869.12		-709.615
46.1		771.72		-292.686		1654.88		-628.962
46.2		937.208		-355.582		1372.14		-522.521
46.3		1074.42		-407.834		1028.75		-393.242
46.4		1177.3		-447.158		635.057		-245.017
46.5		1240.8		-471.66		203.615		-82.5711
46.6		1261.16		-479.917		-251.167		88.6752
46.7		1236.05		-471.05		-713.502		262.783
46.8		1164.7		-444.771		-1166.75		433.493
46.9		1048.02		-401.422		-1593.99		594.44
47		888.623		-341.978		-1978.65		739.384
47.1		690.758		-268.039		-2305.08		862.445
47.2		460.25		-181.795		-2559.22		958.324
47.3		204.328		-85.9626		-2729.11		1022.53
47.4		-68.5822		16.2903		-2805.45		1051.56
47.5		-349.127		121.446		-2782.02		1043.07
47.6		-627.329		225.753		-2656.03		996.013
47.7		-892.932		325.354		-2428.33		910.705
47.8		-1135.77		416.425		-2103.51		788.876
47.9		-1346.12		495.313		-1689.91		633.657
48		-1515.11		558.678		-1199.39		449.515
48.1		-1635.05		603.63		-647.09		242.136
48.2		-1699.75		627.843		-50.9411		18.2686
48.3		-1704.85		629.67		568.858		-214.491
48.4		-1647.96		608.221		1190.5		-447.943
48.5		-1528.91		563.427		1791.33		-673.562
48.6		-1349.78		496.071		2348.61		-882.795
48.7		-1114.92		407.791		2840.35		-1067.38
48.8		-830.883		301.053		3246.19		-1219.65
48.9		-506.264		179.088		3548.14		-1332.85
49		-151.45		45.8035		3731.36		-1401.38
49.1		221.686		-94.3345		3784.81		-1421.11
49.2		600.167		-236.445		3701.8		-1389.5
49.3		970.346		-375.395		3480.37		-1305.84
49.4		1318.38		-505.98		3123.57		-1171.27
49.5		1630.74		-623.107		2639.51		-988.832
49.6		1894.69		-721.99		2041.24		-763.447
49.7		2098.82		-798.334		1346.49		-501.779
49.8		2233.46		-848.512		577.134		-212.064
49.9		2291.18		-869.719		-241.395		96.1334
50		2267.04		-860.105		-1080.95		412.223
50.1		2158.94		-818.883		-1911.58		724.937
50.2		1967.79		-746.389		-2702.57		1022.72
50.3		1697.53		-644.117		-3423.52		1294.14
50.4		1355.18		-514.704		-4045.5		1528.3
50.5		950.627		-361.873		-4542.13		1715.29
50.6		496.414		-190.344		-4890.64		1846.54
50.7		7.35036		-5.69035		-5072.88		1915.22
50.8		-499.937		185.831		-5076.08		1916.52
50.9		-1007.54		377.483		-4893.58		1847.94
51		-1496.9		562.278		-4525.25		1709.44
51.1		-1949.43		733.222		-3977.78		1503.52
51.2		-2347.21		883.574		-3264.64		1235.26
51.3		-2673.67		1007.1		-2405.85		912.18
51.4		-2914.26		1098.32		-1427.51		544.103
51.5		-3057.01		1152.73		-361.028		142.845
51.6		-3093.11		1167.01		757.801		-278.128
51.7		-3017.33		1139.2		1889.96		-704.14
51.8		-2828.33		1068.79		2994.52		-1119.79
51.9		-2528.88		956.806		4030.06		-1509.5
52		-2125.88		805.856		4956.16		-1858.07
52.1		-1630.26		620.049		5734.95		-2151.25
52.2		-1056.76		404.924		6332.54		-2376.28
52.3		-423.51		167.296		6720.43		-2522.45
52.4		248.532		-84.9485		6876.76		-2581.53
52.5		936.208		-343.101		6787.33		-2548.18
52.6		1614.94		-597.919		6446.43		-2420.25
52.7		2259.58		-839.944		5857.31		-2198.96
52.8		2845.31		-1059.84		5032.44		-1889.01
52.9		3348.56		-1248.74		3993.38		-1498.49
53		3747.9		-1398.59		2770.28		-1038.76
53.1		4024.92		-1502.47		1401.16		-524.115
53.2		4165.04		-1554.88		-69.2526		28.6242
53.3		4158.11		-1552.02		-1590.87		600.616
53.4		3999.03		-1491.95		-3109.91		1171.63
53.5		3688.04		-1374.79		-4570.71		1720.73
53.6		3230.97		-1202.72		-5917.71		2227.01
53.7		2639.2		-980.017		-7097.47		2670.38
53.8		1929.45		-712.98		-8060.73		3032.3
53.9		1123.38		-409.75		-8764.34		3296.54
54		246.942		-80.0953		-9173.06		3449.86
54.1		-670.364		264.89		-9261.16		3482.56
54.2		-1596.48		613.146		-9013.69		3389.03
54.3		-2497.85		952.05		-8427.45		3168.07
54.4		-3340.59		1268.86		-7511.48		2823.08
54.5		-4091.74		1551.16		-6287.26		2362.14
54.6		-4720.47		1787.38		-4788.28		1797.85
54.7		-5199.3		1967.16		-3059.35		1147.06
54.8		-5505.23		2081.87		-1155.31		430.415
54.9		-5620.76		2124.91		860.59		-328.295
55		-5534.7		2092.08		2918.68		-1102.86
55.1		-5242.83		1981.79		4945.2		-1865.54
55.2		-4748.31		1795.24		6864.87		-2588
55.3		-4061.83		1536.44		8603.53		-3242.36
55.4		-3201.47		1212.2		10091		-3802.19
55.5		-2192.38		831.986		11263.5		-4243.55
55.6		-1066.03		407.631		12066.8		-4545.99
55.7		140.658		-46.9683		12458		-4693.36
55.8		1386.46		-516.304		12407.6		-4674.59
55.9		2627.21		-983.763		11901.3		-4484.32
56		3817.34		-1432.19		10941		-4123.22
56.1		4911.44		-1844.52		9545.12		-3598.27
56.2		5865.95		-2204.34		7748.9		-2922.67
56.3		6640.84		-2496.61		5603.35		-2115.64
56.4		7201.17		-2708.17		3174.19		-1201.9
56.5		7518.59		-2828.36		539.912		-210.961
56.6		7572.59		-2849.46		-2210.63		823.735
56.7		7351.52		-2767.09		-4981.06		1865.94
56.8		6853.42		-2580.49		-7670.76		2877.8
56.9		6086.34		-2292.71		-10178.4		3821.19
57		5068.5		-1910.59		-12405.5		4659.1
57.1		3827.95		-1444.68		-14260.4		5357.01
57.2		2401.91		-908.983		-15661.6		5884.27
57.3		835.753		-320.556		-16541.3		6215.36
57.4		-818.372		300.98		-16848.1		6330.99
57.5		-2503.18		934.079		-16549.9		6219.06
57.6		-4158.17		1555.98		-15635.5		5875.33
57.7		-5721.72		2143.52		-14115.7		5303.91
57.8		-7133.29		2673.91		-12024.1		4517.39
57.9		-8335.7		3125.65		-9416.18		3536.67
58		-9277.32		3479.31		-6368.48		2390.54
58.1		-9914.16		3718.37		-2976.4		1114.87
58.2		-10211.8		3829.86		648.561		-248.38
58.3		-10146.9		3805.02		4382.33		-1652.55
58.4		-9708.72		3639.76		8092.29		-3047.74
58.5		-8899.49		3334.99		11641.9		-4382.59
58.6		-7735.3		2896.73		14895.3		-5606.04
58.7		-6245.77		2336.13		17722.9		-6669.24
58.8		-4473.48		1669.2		20005.4		-7527.43
58.9		-2472.94		916.459		21639.6		-8141.7
59		-308.986		102.289		22541.8		-8480.64
59.1		1945.2		-745.775		22652.4		-8521.77
59.2		4210.44		-1597.95		21938.3		-8252.67
59.3		6404.27		-2423.22		20395.6		-7671.83
59.4		8443.83		-3190.4		18050.2		-6789.08
59.5		10248.9		-3869.31		14958.8		-5625.66
59.6		11744.7		-4431.88		11207		-4213.84
59.7		12865.4		-4853.26		6907.98		-2596.18
59.8		13556.2		-5112.88		2199.03		-824.313
59.9		13776.1		-5195.31		-2762.59		1042.6
60		13499.9		-5091.05		-7804.61		2939.74
60.1		12719.4		-4797.08		-12745.5		4798.83
60.2		11444.9		-4317.19		-17400.8		6550.48
60.3		9704.78		-3662.14		-21589.8		8126.69
60.4		7545.8		-2849.48		-25142.1		9463.38
60.5		5031.59		-1903.14		-27904.5		10502.9
60.6		2241.14		-852.848		-29747		11196.4
60.7		-733.56		266.79		-30568.6		11505.8
60.8		-3790.42		1417.37		-30301.8		11405.7
60.9		-6820.6		2557.94		-28916.7		10885
61		-9712.27		3646.44		-26422.9		9947.11
61.1		-12354.6		4641.15		-22871		8611.24
61.2		-14641.7		5502.27		-18352.5		6911.67
61.3		-16476.9		6193.44		-12997.1		4897.27
61.4		-17776.6		6683.17		-6970.16		2630.24
61.5		-18473.6		6946.19		-467.619		184.259
61.6		-18520.4		6964.62		6290.06		-2357.72
61.7		-17891.4		6728.84		13065		-4906.22
61.8		-16584.9		6238.22		19609.9		-7368.25
61.9		-14623.9		5501.4		25677.1		-9650.56
62		-12056.2		4536.34		31027		-11663.1
62.1		-8953.49		3370.03		35437.7		-13322.3
62.2		-5409.71		2037.8		38713.5		-14554.7
62.3		-1538.36		582.329		40693.1		-15299.4
62.4		2530.95		-947.616		41256.5		-15511.5
62.5		6656.6		-2498.77		40331.4		-15163.7
62.6		10689.7		-4015.13		37897.1		-14248.1
62.7		14479.4		-5439.95		33987.5		-12777.6
62.8		17878.2		-6717.71		28691.7		-10785.7
62.9		20747.4		-7796.28		22152.7		-8326.11
63		22962.6		-8628.89		14564.1		-5471.74
63.1		24419		-9176.06		6165.25		-2312.59
63.2		25035.6		-9407.32		-2766.27		1046.92
63.3		24758.9		-9302.63		-11923.2		4491.21
63.4		23566.6		-8853.51		-20978.9		7897.37
63.5		21468.7		-8063.77		-29598.2		11139.4
63.6		18508.9		-6949.83		-37450		14092.6
63.7		14763.9		-5540.57		-44218.9		16638.5
63.8		10342		-3876.72		-49617.7		18669
63.9		5380.25		-2009.83		-53398.7		20090.8
64		40.3836		-0.7438		-55364.5		20829.8
64.1		-5496.07		2082.24		-55376.7		20833.9
64.2		-11033.7		4165.63		-53363.5		20076.1
64.3		-16370.1		6173.25		-49324.4		18556.2
64.4		-21302.5		8028.86		-43333.1		16301.8
64.5		-25635.8		9659.05		-35537.3		13368.7
64.6		-29189.6		10995.9		-26156.2		9839.22
64.7		-31805.2		11979.8		-15475		5820.67
64.8		-33352.7		12561.9		-3836.99		1442.17
64.9		-33736.4		12706.1		8367.15		-3149.29
65		-32899.7		12391.2		20711.6		-7793.54
65.1		-30828.5		11611.8		32750		-12322.6
65.2		-27553.5		10379.6		44030.6		-16566.7
65.3		-23150.4		8722.91		54113.1		-20360
65.4		-17739.1		6686.91		62584.7		-23547.3
65.5		-11480.7		4332.18		69076.7		-25989.9
65.6		-4572.99		1733.19		73279		-27571.2
65.7		2754.91		-1023.93		74954.2		-28201.8
65.8		10250.3		-3844.11		73948.6		-27823.9
65.9		17645.2		-6626.5		70200.7		-26414.5
66		24665.3		-9267.95		63747.5		-23987.3
66.1		31040		-11666.7		54726.1		-20594
66.2		36512.6		-13726.1		43372.4		-16323.3
66.3		40849.9		-15358.4		30016.6		-11299.5
66.4		43851.5		-16488.4		15073.9		-5678.63
66.5		45358.9		-17056.2		-967.051		355.361
66.6		45262.2		-17020.7		-17559.6		6596.87
66.7		43506.2		-16361		-34116.8		12825.2
66.8		40094.6		-15078.5		-50031.9		18811.9
66.9		35091.4		-13197.3		-64699		24329.2
67		28621.5		-10764.4		-77535.9		29158.1
67.1		20867.9		-7848.57		-88006.1		33096.6
67.2		12067.3		-4538.91		-95640		35968.3
67.3		2503.26		-942.078		-100054		37628.9
67.4		-7502.19		2820.81		-100970		37973.4
67.5		-17599.2		6618.16		-98226		36941.1
67.6		-27421.8		10312.3		-91788.1		34519.4
67.7		-36600.6		13764.2		-81756.9		30746
67.8		-44776.3		16838.8		-68368		25709.5
67.9		-51613.1		19409.8		-51988.3		19548
68		-56811.9		21364.6		-33107.6		12445.7
68.1		-60122.7		22609.1		-12325.3		4628.06
68.2		-61355.2		23071.9		9668.15		-3645.13
68.3		-60388.4		22707.4		32112.3		-12087.8
68.4		-57177.2		21498.6		54202.6		-20397.4
68.5		-51756.9		19458.9		75118.1		-28265
68.6		-44245.1		16632.4		94050.4		-35386.6
68.7		-34840.1		13093.7		110235		-41474.3
68.8		-23816.6		8946.3		122978		-46267.7
68.9		-11518.8		4319.53		131689		-49544
69		1650.06		-634.873		135900		-51127.9
69.1		15240.1		-5747.66		135294		-50899.4
69.2		28769.5		-10837.6		129716		-48800.6
69.3		41741.1		-15717.7		119189		-44839.9
69.4		53660		-20201.6		103916		-39094
69.5		64051.6		-24111		84282.6		-31707.8
69.6		72479.8		-27281.8		60847.7		-22891.6
69.7		78564.6		-29571		34329.4		-12915.4
69.8		81997.6		-30862.5		5585.11		-2101.85
69.9		82556.1		-31072.7		-24415.1		9184.16
70		80114.6		-30154.3		-54619.6		20547
70.1		74652.6		-28099.6		-83931		31573.9
70.2		66259.5		-24942.2		-111244		41849.1
70.3		55135.1		-20757.3		-135487		50969.3
70.4		41586.4		-15660.3		-155660		58558.5
70.5		26020.4		-9804.49		-170876		64283.2
70.6		8932.73		-3376.17		-180398		67865.7
70.7		-9107.11		3410.4		-183669		69096.6
70.8		-27474		10320.1		-180340		67844.8
70.9		-45508		17104.5		-170292		64065.4
71		-62537.2		23511.1		-153646		57804.2
71.1		-77901.8		29291.5		-130771		49199.4
71.2		-90978.9		34211.4		-102274		38480
71.3		-101206		38059.4		-68993.3		25961
71.4		-108106		40655.5		-31971		12034.4
71.5		-111303		41859		7575.35		-2841.69
71.6		-110545		41574.8		48291.5		-18157.9
71.7		-105716		39759		88730.6		-33369.9
71.8		-96843		36422		127403		-47917.4
71.9		-84102.6		31630.3		162830		-61243.9
72		-67819.6		25505.9		193596		-72817.2
72.1		-48460		18224.2		218406		-82149.7
72.2		-26619.5		10009.2		236133		-88818.1
72.3		-3006.19		1127.42		245870		-92481
72.4		21580.8		-8120.69		246969		-92894.4
72.5		46277.8		-17410.1		239074		-89924.2
72.6		70185.2		-26402.5		222144		-83555.4
72.7		92399.6		-34758.1		196468		-73896.7
72.8		112046		-42147.8		162665		-61180.9
72.9		128313		-48265.8		121676		-45761.5
73		140480		-52842		74735.2		-28103.6
73.1		147954		-55652.4		23343.7		-8771.36
73.2		150288		-56529.5		-30781.6		11589.3
73.3		147210		-55370.6		-85760.8		32271.1
73.4		138634		-52143.5		-139614		52529.1
73.5		124673		-46890.5		-190329		71606.9
73.6		105640		-39729.9		-235937		88763.2
73.7		82046.2		-30853.5		-274581		103300
73.8		54588		-20523.5		-304595		114590
73.9		24128.6		-9064.5		-324563		122101
74		-8327.68		3145.63		-333387		125421
74.1		-41666.4		15687.7		-330339		124273
74.2		-74700.3		28115		-315093		118538
74.3		-106210		39968.8		-287763		108256
74.4		-134986		50794.4		-248906		93638.5
74.5		-159877		60158.3		-199521		75060.5
74.6		-179829		67664.3		-141030		53057
74.7		-193932		72970		-75240.4		28307.7
74.8		-201456		75800.8		-4291.18		1617.51
74.9		-201885		75962.6		69410.7		-26108.1
75		-194944		73351.7		143270		-53892.9
75.1		-180617		67962.5		214589		-80722.4
75.2		-159158		59890.2		280668		-105580
75.3		-131091		49332.2		338896		-127485
75.4		-97201.5		36583.7		386856		-145527
75.5		-58515.9		22030.9		422419		-158906
75.6		-16274		6140.31		443829		-166961
75.7		28108.9		-10555.8		449786		-169202
75.8		73087.5		-27476		439506		-165336
75.9		117038		-44009.5		412771		-155279
76		158315		-59537.5		369958		-139175
76.1		195311		-73454.9		312045		-117389
76.2		226516		-85193.8		240597		-90512.7
76.3		250575		-94245.1		157733		-59341.7
76.4		266349		-100179		66067.7		-24859.7
76.5		272955		-102665		-31368.2		11793.1
76.6		269818		-101486		-131221		49355.1
76.7		256696		-96550.4		-229927		86485.6
76.8		233704		-87901.9		-323832		121810
76.9		201320		-75720.9		-409326		153971
77		160388		-60323.8		-482973		181675
77.1		112091		-42156.3		-541646		203746
77.2		57925.9		-21781.7		-582651		219171
77.3		-339.189		135.402		-603840		227142
77.4		-60723.2		22849.6		-603715		227094
77.5		-121095		45559		-581499		218737
77.6		-179245		67432.6		-537198		202071
77.7		-232964		87639.8		-471624		177404
77.8		-280127		105380		-386398		145343
77.9		-318767		119914		-283918		106793
78		-347158		130594		-167303		62924.5
78.1		-363889		136886		-40301.6		15149.3
78.2		-367919		138401		92820.1		-34928.2
78.3		-358637		134908		227416		-85560.2
78.4		-335895		126352		358616		-134915
78.5		-300034		112861		481496		-181139
78.6		-251884		94746.8		591257		-222429
78.7		-192758		72503.9		683403		-257092
78.8		-124418		46794.7		753919		-283618
78.9		-49026.2		18432.9		799433		-300740
79		30917.1		-11641		817367		-307485
79.1		112654		-42389.6		806054		-303230
79.2		193259		-72712.5		764840		-287725
79.3		269743		-101485		694138		-261128
79.4		339157		-127598		595455		-224005
79.5		398702		-149998		471378		-177330
79.6		445840		-167731		325518		-122460
79.7		478392		-179977		162413		-61102.6
79.8		494633		-186088		-12601.1		4734.35
79.9		493373		-185614		-193556		72806.4
80		474017		-178334		-374051		140705
80.1		436612		-164263		-547464		205940
80.2		381866		-143669		-707194		266028
80.3		311147		-117066		-846896		318581
80.4		226457		-85208.1		-960727		361403
80.5		130384		-49067.8		-1.04358e+06		392569
80.6		26026.7		-9810.94		-1.09128e+06		410514
80.7		-83101		31240.5		-1.1008e+06		414098
80.8		-193181		72650.3		-1.0704e+06		402664
80.9		-300222		112917		-999737		376081
81		-400195		150525		-889910		334767
81.1		-489186		184001		-743509		279695
81.2		-563537		211971		-564553		212376
81.3		-619993		233209		-358397		134825
81.4		-655832		246691		-131588		49505.2
81.5		-668991		251642		108333		-40747.1
81.6		-658158		247567		353067		-132810
81.7		-622851		234286		593839		-223383
81.8		-563467		211948		821694		-309097
81.9		-481298		181038		1.02783e+06		-386638
82		-378515		142374		1.2039e+06		-452872
82.1		-258126		97087		1.34237e+06		-504961
82.2		-123889		46590.9		1.43679e+06		-540482
82.3		19790.5		-7457.25		1.48211e+06		-557530
82.4		168002		-63210.2		1.47487e+06		-554805
82.5		315489		-118691		1.41341e+06		-531684
82.6		456830		-171859		1.29799e+06		-488266
82.7		586629		-220686		1.13087e+06		-425397
82.8		699716		-263225		916259		-344665
82.9		791342		-297692		660280		-248371
83		857370		-322529		370781		-139468
83.1		894448		-336476		57127.4		-21477.9
83.2		900161		-338624		-270090		101614
83.3		873152		-328462		-599398		225493
83.4		813212		-305913		-918824		345654
83.5		721330		-271347		-1.21632e+06		457567
83.6		599697		-225591		-1.48021e+06		556834
83.7		451677		-169907		-1.69959e+06		639363
83.8		281717		-105971		-1.86483e+06		701522
83.9		95234		-35818.8		-1.96789e+06		740290
84		-101555		38210.2		-2.00273e+06		753396
84.1		-301828		113550		-1.96558e+06		739419
84.2		-498386		187492		-1.85516e+06		697881
84.3		-683901		257280		-1.67283e+06		629294
84.4		-851184		320209		-1.42264e+06		535176
84.5		-993448		373727		-1.11124e+06		418036
84.6		-1.10457e+06		415530		-747807		281319
84.7		-1.17935e+06		443662		-343718		129308
84.8		-1.21372e+06		456593		87729.2		-32993.1
84.9		-1.20495e+06		453294		531750		-200025
85		-1.15178e+06		433291		972562		-365850
85.1		-1.05452e+06		396706		1.39392e+06		-524356
85.2		-915129		344271		1.7797e+06		-669479
85.3		-737158		277323		2.11449e+06		-795419
85.4		-525710		197781		2.38417e+06		-896867
85.5		-287293		108094		2.57649e+06		-969216
85.6		-29644		11172.6		2.6816e+06		-1.00875e+06
85.7		238516		-89702.9		2.69244e+06		-1.01284e+06
85.8		507760		-190987		2.60519e+06		-980015
85.9		768279		-288988		2.41944e+06		-910140
86		1.01022e+06		-380002		2.13838e+06		-804413
86.1		1.22406e+06		-460443		1.76882e+06		-665391
86.2		1.40094e+06		-526982		1.32102e+06		-496940
86.3		1.53305e+06		-576676		808516		-304148
86.4		1.6139e+06		-607091		247684		-93175.6
86.5		1.63867e+06		-616409		-342726		128923
86.6		1.60439e+06		-603517		-942197		354431
86.7		1.51017e+06		-568073		-1.52913e+06		575221
86.8		1.35726e+06		-510551		-2.0816e+06		783046
86.9		1.1491e+06		-432247		-2.57812e+06		969827
87		891288		-335264		-2.99849e+06		1.12796e+06
87.1		591439		-222468		-3.32455e+06		1.25062e+06
87.2		258984		-97406.1		-3.54091e+06		1.33201e+06
87.3		-95107.5		35794.7		-3.63566e+06		1.36765e+06
87.4		-458673		172559		-3.60086e+06		1.35456e+06
87.5		-818759		308015		-3.43306e+06		1.29143e+06
87.6		-1.16206e+06		437158		-3.13353e+06		1.17876e+06
87.7		-1.47542e+06		555034		-2.70841e+06		1.01883e+06
87.8		-1.74626e+06		656917		-2.16865e+06		815788
87.9		-1.96312e+06		738496		-1.52981e+06		575471
88		-2.1161e+06		796043		-811639		305309
88.1		-2.19727e+06		826574		-37499.6		14094.1
88.2		-2.20102e+06		827984		766331		-288290
88.3		-2.12439e+06		799154		1.57153e+06		-591190
88.4		-1.96723e+06		740035		2.3487e+06		-883544
88.5		-1.73236e+06		651681		3.06838e+06		-1.15427e+06
88.6		-1.42552e+06		536254		3.70213e+06		-1.39268e+06
88.7		-1.05531e+06		396986		4.22363e+06		-1.58885e+06
88.8		-632948		238101		4.6097e+06		-1.73408e+06
88.9		-171978		64692.8		4.84125e+06		-1.82119e+06
89		312147		-117426		4.90416e+06		-1.84485e+06
89.1		802563		-301911		4.78997e+06		-1.8019e+06
89.2		1.28156e+06		-482101		4.49637e+06		-1.69145e+06
89.3		1.7312e+06		-651246		4.02753e+06		-1.51508e+06
89.4		2.13395e+06		-802755		3.3942e+06		-1.27684e+06
89.5		2.47337e+06		-930439		2.61354e+06		-983169
89.6		2.73472e+06		-1.02876e+06		1.7087e+06		-642788
89.7		2.90559e+06		-1.09303e+06		708249		-266440
89.8		2.97642e+06		-1.11968e+06		-354710		133423
89.9		2.94095e+06		-1.10634e+06		-1.44358e+06		543033
90		2.79659e+06		-1.05203e+06		-2.51947e+06		947761
90.1		2.54464e+06		-957257		-3.54256e+06		1.33262e+06
90.2		2.19039e+06		-823994		-4.47347e+06		1.68281e+06
90.3		1.74304e+06		-655713		-5.27478e+06		1.98425e+06
90.4		1.21556e+06		-457288		-5.91245e+06		2.22413e+06
90.5		624318		-234875		-6.35714e+06		2.39141e+06
90.6		-11396.2		4265.99		-6.58554e+06		2.47733e+06
90.7		-669950		251999		-6.58137e+06		2.47576e+06
90.8		-1.32809e+06		499576		-6.33629e+06		2.38357e+06
90.9		-1.96172e+06		737933		-5.85044e+06		2.2008e+06
91		-2.54676e+06		958013		-5.13278e+06		1.93084e+06
91.1		-3.06004e+06		1.1511e+06		-4.2011e+06		1.58036e+06
91.2		-3.48015e+06		1.30913e+06		-3.08165e+06		1.15925e+06
91.3		-3.78831e+06		1.42506e+06		-1.80851e+06		680320
91.4		-3.96916e+06		1.49309e+06		-422628		158983
91.5		-4.01143e+06		1.50899e+06		1.02941e+06		-387243
91.6		-3.90849e+06		1.47026e+06		2.49691e+06		-939284
91.7		-3.65879e+06		1.37634e+06		3.92675e+06		-1.47716e+06
91.8		-3.26612e+06		1.22862e+06		5.26525e+06		-1.98067e+06
91.9		-2.73959e+06		1.03055e+06		6.4601e+06		-2.43015e+06
92		-2.09358e+06		787538		7.46232e+06		-2.80716e+06
92.1		-1.34735e+06		506822		8.22821e+06		-3.09527e+06
92.2		-524530		197295		8.72111e+06		-3.28069e+06
92.3		347581		-130774		8.913e+06		-3.35287e+06
92.4		1.23888e+06		-466062		8.78584e+06		-3.30504e+06
92.5		2.11747e+06		-796565		8.33261e+06		-3.13454e+06
92.6		2.95073e+06		-1.11002e+06		7.55798e+06		-2.84314e+06
92.7		3.70652e+06		-1.39433e+06		6.4785e+06		-2.43706e+06
92.8		4.35437e+06		-1.63804e+06		5.12254e+06		-1.92698e+06
92.9		4.86663e+06		-1.83074e+06		3.52957e+06		-1.32774e+06
93		5.21959e+06		-1.96351e+06		1.7492e+06		-658001
93.1		5.39451e+06		-2.02931e+06		-160288		60308.9
93.2		5.37848e+06		-2.02328e+06		-2.13377e+06		802691
93.3		5.1651e+06		-1.94301e+06		-4.10139e+06		1.54287e+06
93.4		4.75496e+06		-1.78873e+06		-5.99094e+06		2.25368e+06
93.5		4.15587e+06		-1.56336e+06		-7.73046e+06		2.90805e+06
93.6		3.38282e+06		-1.27255e+06		-9.25081e+06		3.47997e+06
93.7		2.45774e+06		-924556		-1.04883e+07		3.94551e+06
93.8		1.40891e+06		-530005		-1.13875e+07		4.28374e+06
93.9		270159		-101632		-1.19029e+07		4.47763e+06
94		-920131		346131		-1.20017e+07		4.51481e+06
94.1		-2.1203e+06		797612		-1.16651e+07		4.38818e+06
94.2		-3.28681e+06		1.23643e+06		-1.08894e+07		4.09639e+06
94.3		-4.37576e+06		1.64607e+06		-9.68702e+06		3.64406e+06
94.4		-5.34446e+06		2.01047e+06		-8.08623e+06		3.04188e+06
94.5		-6.15308e+06		2.31466e+06		-6.13106e+06		2.30639e+06
94.6		-6.76619e+06		2.5453e+06		-3.88007e+06		1.45961e+06
94.7		-7.1542e+06		2.69126e+06		-1.40478e+06		528464
94.8		-7.29467e+06		2.74411e+06		1.21245e+06		-456082
94.9		-7.17343e+06		2.6985e+06		3.88107e+06		-1.45996e+06
95		-6.78532e+06		2.55251e+06		6.50533e+06		-2.44715e+06
95.1		-6.13479e+06		2.30779e+06		8.98762e+06		-3.38094e+06
95.2		-5.23603e+06		1.9697e+06		1.12319e+07		-4.22519e+06
95.3		-4.11284e+06		1.54718e+06		1.31474e+07		-4.94577e+06
95.4		-2.79809e+06		1.0526e+06		1.4652e+07		-5.51177e+06
95.5		-1.33289e+06		501423		1.56757e+07		-5.89684e+06
95.6		234676		-88260.6		1.61633e+07		-6.08027e+06
95.7		1.851e+06		-696287		1.60774e+07		-6.04798e+06
95.8		3.45875e+06		-1.30108e+06		1.54003e+07		-5.79325e+06
95.9		4.99878e+06		-1.88041e+06		1.4135e+07		-5.31726e+06
96		6.41227e+06		-2.41214e+06		1.23063e+07		-4.62934e+06
96.1		7.6429e+06		-2.87507e+06		9.96046e+06		-3.7469e+06
96.2		8.63894e+06		-3.24976e+06		7.16445e+06		-2.69511e+06
96.3		9.35539e+06		-3.51927e+06		4.00406e+06		-1.50624e+06
96.4		9.7558e+06		-3.66989e+06		581570		-218770
96.5		9.81395e+06		-3.69177e+06		-2.9874e+06		1.1238e+06
96.6		9.51521e+06		-3.57939e+06		-6.57765e+06		2.47437e+06
96.7		8.85745e+06		-3.33195e+06		-1.00586e+07		3.78383e+06
96.8		7.85159e+06		-2.95357e+06		-1.32989e+07		5.00277e+06
96.9		6.52169e+06		-2.45329e+06		-1.61713e+07		6.08329e+06
97		4.90457e+06		-1.84497e+06		-1.85571e+07		6.98079e+06
97.1		3.04885e+06		-1.14689e+06		-2.03514e+07		7.65574e+06
97.2		1.01372e+06		-381313		-2.14667e+07		8.07531e+06
97.3		-1.13295e+06		426218		-2.18376e+07		8.21482e+06
97.4		-3.31671e+06		1.2477e+06		-2.14231e+07		8.0589e+06
97.5		-5.45902e+06		2.05359e+06		-2.02097e+07		7.60246e+06
97.6		-7.47999e+06		2.81384e+06		-1.82126e+07		6.8512e+06
97.7		-9.30125e+06		3.49896e+06		-1.54762e+07		5.82182e+06
97.8		-1.08489e+07		4.08114e+06		-1.20735e+07		4.54179e+06
97.9		-1.20562e+07		4.53532e+06		-8.10467e+06		3.04879e+06
98		-1.28667e+07		4.8402e+06		-3.69412e+06		1.38964e+06
98.1		-1.32361e+07		4.97916e+06		1.01292e+06		-381051
98.2		-1.31348e+07		4.94106e+06		5.85511e+06		-2.20258e+06
98.3		-1.25493e+07		4.7208e+06		1.06602e+07		-4.01016e+06
98.4		-1.14833e+07		4.31978e+06		1.52512e+07		-5.73718e+06
98.5		-9.95817e+06		3.74606e+06		1.94521e+07		-7.31748e+06
98.6		-8.01295e+06		3.01432e+06		2.30951e+07		-8.6879e+06
98.7		-5.70344e+06		2.14552e+06		2.60265e+07		-9.79063e+06
98.8		-3.10079e+06		1.16646e+06		2.8113e+07		-1.05755e+07
98.9		-289487		108909		2.92474e+07		-1.10023e+07
99		2.63525e+06		-991316		2.93533e+07		-1.10421e+07
99.1		5.57058e+06		-2.09553e+06		2.83892e+07		-1.06794e+07
99.2		8.4095e+06		-3.16347e+06		2.63513e+07		-9.91283e+06
99.3		1.10446e+07		-4.15475e+06		2.32749e+07		-8.75553e+06
99.4		1.33721e+07		-5.0303e+06		1.92344e+07		-7.23559e+06
99.5		1.52956e+07		-5.75386e+06		1.43425e+07		-5.39535e+06
99.6		1.67298e+07		-6.2934e+06		8.74687e+06		-3.2904e+06
99.7		1.76045e+07		-6.62244e+06		2.62659e+06		-988081
99.8		1.78672e+07		-6.72125e+06		-3.81369e+06		1.43461e+06
99.9		1.74858e+07		-6.57778e+06		-1.03501e+07		3.89345e+06
100		1.64508e+07		-6.18844e+06		-1.67469e+07		6.29981e+06
