#DATOS PARA h=0.1
t		Y1		Y2		V1		V2
0		3		4		0		0
0.1		2.99		3.995		-0.2		-0.1
0.2		2.96011		3.97998		-0.39575		-0.201
0.3		2.91095		3.95478		-0.583109		-0.303961
0.4		2.84358		3.91916		-0.758222		-0.409738
0.5		2.7594		3.87281		-0.917656		-0.519039
0.6		2.66013		3.81534		-1.05851		-0.632373
0.7		2.54776		3.74632		-1.17852		-0.750024
0.8		2.42447		3.66533		-1.27613		-0.872023
0.9		2.29257		3.57192		-1.35053		-0.998129
1		2.15438		3.46571		-1.40169		-1.12783
1.1		2.01222		3.34637		-1.43034		-1.26033
1.2		1.86828		3.21367		-1.43797		-1.39459
1.3		1.72458		3.06748		-1.42669		-1.52935
1.4		1.58288		2.90783		-1.39924		-1.66313
1.5		1.44466		2.7349		-1.3588		-1.7943
1.6		1.31104		2.54902		-1.3089		-1.92115
1.7		1.18279		2.35071		-1.25332		-2.04189
1.8		1.06028		2.14068		-1.19585		-2.15473
1.9		0.943527		1.91981		-1.14023		-2.25798
2		0.832149		1.68913		-1.08997		-2.35002
2.1		0.72545		1.44984		-1.04823		-2.42942
2.2		0.622431		1.20328		-1.01768		-2.49495
2.3		0.521855		0.950878		-1.0004		-2.54565
2.4		0.422307		0.694168		-0.997823		-2.58082
2.5		0.322264		0.434726		-1.01065		-2.6001
2.6		0.220169		0.174154		-1.03884		-2.60339
2.7		0.114506		-0.0859551		-1.08161		-2.59097
2.8		0.00387477		-0.34405		-1.13746		-2.56338
2.9		-0.112939		-0.598648		-1.20419		-2.52145
3		-0.236903		-0.848365		-1.27908		-2.4663
3.1		-0.36868		-1.09194		-1.35886		-2.39922
3.2		-0.508591		-1.32824		-1.43996		-2.32169
3.3		-0.65658		-1.55631		-1.51854		-2.23531
3.4		-0.812202		-1.77535		-1.5907		-2.14176
3.5		-0.974624		-1.98471		-1.6526		-2.04269
3.6		-1.14263		-2.18392		-1.70063		-1.93973
3.7		-1.31466		-2.37269		-1.73149		-1.8344
3.8		-1.48885		-2.55084		-1.74239		-1.72809
3.9		-1.66308		-2.71834		-1.73111		-1.62196
4		-1.83503		-2.87526		-1.69612		-1.51698
4.1		-2.00228		-3.02176		-1.63662		-1.41385
4.2		-2.16234		-3.15804		-1.55256		-1.31302
4.3		-2.3128		-3.28437		-1.44472		-1.21465
4.4		-2.45132		-3.40097		-1.3146		-1.11864
4.5		-2.57576		-3.50809		-1.16445		-1.02465
4.6		-2.68427		-3.60589		-0.997132		-0.932119
4.7		-2.77527		-3.6945		-0.816082		-0.840282
4.8		-2.84758		-3.77393		-0.625149		-0.748238
4.9		-2.9004		-3.84412		-0.428484		-0.654987
5		-2.93338		-3.9049		-0.23039		-0.559482
5.1		-2.94658		-3.95599		-0.0351738		-0.460685
5.2		-2.94052		-3.99701		0.152999		-0.357616
5.3		-2.91608		-4.02749		0.330253		-0.249413
5.4		-2.87456		-4.04688		0.49313		-0.135374
5.5		-2.81754		-4.05455		0.638712		-0.0149997
5.6		-2.74688		-4.04987		0.764715		0.111971
5.7		-2.66464		-4.03215		0.86956		0.245533
5.8		-2.573		-4.00076		0.95243		0.385405
5.9		-2.47416		-3.95508		1.01328		0.531017
6		-2.37033		-3.89458		1.05284		0.68152
6.1		-2.26357		-3.81881		1.07256		0.835801
6.2		-2.15578		-3.72745		1.07456		0.992509
6.3		-2.0486		-3.62034		1.06156		1.15009
6.4		-1.94339		-3.49747		1.03672		1.30682
6.5		-1.84117		-3.35902		1.00356		1.46088
6.6		-1.74259		-3.20534		0.965812		1.61037
6.7		-1.64792		-3.03699		0.927257		1.75343
6.8		-1.55704		-2.8547		0.891592		1.8882
6.9		-1.46951		-2.6594		0.86228		2.01299
7		-1.38451		-2.45215		0.842418		2.12622
7.1		-1.30095		-2.23419		0.834613		2.22657
7.2		-1.21753		-2.00686		0.84088		2.31293
7.3		-1.13274		-1.77162		0.862562		2.3845
7.4		-1.04499		-1.52998		0.900275		2.44078
7.5		-0.952677		-1.28348		0.953878		2.48158
7.6		-0.854229		-1.03367		1.02248		2.50702
7.7		-0.748213		-0.782066		1.10446		2.51754
7.8		-0.633387		-0.530143		1.19752		2.51386
7.9		-0.508773		-0.279273		1.29879		2.49695
8		-0.373706		-0.0307247		1.40492		2.46801
8.1		-0.227877		0.214362		1.51218		2.4284
8.2		-0.0713655		0.454991		1.61662		2.3796
8.3		0.0953479		0.690318		1.71422		2.32314
8.4		0.27138		0.919658		1.80104		2.2606
8.5		0.45546		1.14248		1.87333		2.19348
8.6		0.645958		1.35839		1.92772		2.12318
8.7		0.840926		1.56714		1.96131		2.05095
8.8		1.03816		1.76861		1.97181		1.97788
8.9		1.23524		1.96275		1.9576		1.90481
9		1.42965		2.14959		1.91781		1.83232
9.1		1.61879		2.32922		1.85236		1.76076
9.2		1.80013		2.50174		1.76196		1.69017
9.3		1.97121		2.66725		1.64808		1.62037
9.4		2.12979		2.82581		1.51295		1.5509
9.5		2.27386		2.97742		1.3594		1.48111
9.6		2.40175		3.12201		1.19086		1.41015
9.7		2.51212		3.25943		1.01117		1.33702
9.8		2.60408		3.38939		0.824461		1.26066
9.9		2.67712		3.51153		0.635045		1.17995
10		2.7312		3.62535		0.447225		1.09378
10.1		2.76667		3.73026		0.265166		1.00114
10.2		2.78433		3.82556		0.0927428		0.901097
10.3		2.78531		3.91046		-0.0665895		0.792932
10.4		2.77109		3.98413		-0.209915		0.67612
10.5		2.74339		4.04568		-0.334954		0.550386
10.6		2.70415		4.0942		-0.440138		0.41573
10.7		2.65539		4.12883		-0.524657		0.272445
10.8		2.59922		4.1487		-0.588477		0.121117
10.9		2.53769		4.15307		-0.632334		-0.0373792
11		2.47273		4.14125		-0.657696		-0.201892
11.1		2.40611		4.11272		-0.666697		-0.371023
11.2		2.33933		4.06709		-0.662049		-0.543163
11.3		2.27362		4.00413		-0.64693		-0.716533
11.4		2.20986		3.92382		-0.624859		-0.889236
11.5		2.14856		3.82633		-0.599557		-1.05931
11.6		2.08986		3.71201		-0.574793		-1.22479
11.7		2.03351		3.58142		-0.554243		-1.38375
11.8		1.97892		3.43531		-0.541341		-1.5344
11.9		1.92516		3.27459		-0.539145		-1.67507
12		1.87102		3.10033		-0.550211		-1.80433
12.1		1.81506		2.91375		-0.576494		-1.92099
12.2		1.75568		2.71616		-0.619268		-2.02414
12.3		1.69119		2.50894		-0.679068		-2.11316
12.4		1.61987		2.29354		-0.755664		-2.18777
12.5		1.54007		2.07139		-0.848063		-2.24797
12.6		1.45029		1.84394		-0.95454		-2.29411
12.7		1.34921		1.61256		-1.07269		-2.32677
12.8		1.23582		1.37856		-1.19953		-2.34684
12.9		1.10939		1.14317		-1.33157		-2.35538
13		0.969595		0.907461		-1.46496		-2.35363
13.1		0.816495		0.672408		-1.59566		-2.34298
13.2		0.650565		0.438831		-1.7195		-2.32483
13.3		0.472696		0.207406		-1.83242		-2.30063
13.4		0.284178		-0.0213308		-1.93058		-2.27176
13.5		0.0866708		-0.24698		-2.01049		-2.23951
13.6		-0.117839		-0.469262		-2.06915		-2.205
13.7		-0.327092		-0.688004		-2.10417		-2.16917
13.8		-0.538623		-0.903117		-2.11386		-2.13276
13.9		-0.749833		-1.11457		-2.09728		-2.09621
14		-0.958065		-1.32237		-2.05426		-2.05975
14.1		-1.16069		-1.52652		-1.98546		-2.02329
14.2		-1.35518		-1.72702		-1.89232		-1.98652
14.3		-1.5392		-1.92381		-1.77699		-1.94886
14.4		-1.71064		-2.11678		-1.64229		-1.90954
14.5		-1.86774		-2.3057		-1.49161		-1.86759
14.6		-2.00906		-2.49027		-1.32876		-1.82191
14.7		-2.13358		-2.67005		-1.15785		-1.77133
14.8		-2.24073		-2.8445		-0.983162		-1.71461
14.9		-2.33032		-3.01295		-0.808987		-1.65058
15		-2.40263		-3.17459		-0.639463		-1.57811
15.1		-2.45832		-3.32854		-0.478444		-1.49622
15.2		-2.49841		-3.47381		-0.32936		-1.40411
15.3		-2.52427		-3.60935		-0.1951		-1.30119
15.4		-2.53749		-3.73404		-0.0779152		-1.18715
15.5		-2.5399		-3.84677		0.0206567		-1.06195
15.6		-2.53339		-3.94643		0.0998379		-0.925852
15.7		-2.51994		-4.03195		0.15963		-0.779419
15.8		-2.50145		-4.10234		0.200805		-0.623522
15.9		-2.47975		-4.15668		0.224864		-0.459312
16		-2.45644		-4.19423		0.233977		-0.288198
16.1		-2.43289		-4.21436		0.230886		-0.111807
16.2		-2.41018		-4.21664		0.218798		0.068053
16.3		-2.38905		-4.2008		0.201256		0.249452
16.4		-2.36984		-4.16679		0.181995		0.430386
16.5		-2.35256		-4.11477		0.164795		0.608839
16.6		-2.33679		-4.04508		0.153332		0.78284
16.7		-2.3218		-3.95825		0.151032		0.950521
16.8		-2.30651		-3.85502		0.16093		1.11017
16.9		-2.28955		-3.73626		0.185554		1.26027
17		-2.26934		-3.603		0.226817		1.39957
17.1		-2.24414		-3.45637		0.285939		1.52707
17.2		-2.21213		-3.2976		0.363391		1.64209
17.3		-2.17146		-3.12797		0.458868		1.74424
17.4		-2.12038		-2.94876		0.571292		1.83347
17.5		-2.05724		-2.76127		0.698846		1.90999
17.6		-1.98066		-2.56675		0.839026		1.97434
17.7		-1.88951		-2.36639		0.988733		2.02727
17.8		-1.783		-2.16127		1.14437		2.06977
17.9		-1.66073		-1.95241		1.302		2.10297
18		-1.5227		-1.74065		1.45741		2.12813
18.1		-1.36935		-1.52675		1.60637		2.14657
18.2		-1.20153		-1.3113		1.74468		2.15961
18.3		-1.02051		-1.09479		1.86839		2.16852
18.4		-0.827946		-0.877571		1.9739		2.17444
18.5		-0.625815		-0.659879		2.05813		2.1784
18.6		-0.416389		-0.441868		2.11858		2.18121
18.7		-0.202152		-0.22362		2.15348		2.18344
18.8		0.0142716		-0.0051684		2.16179		2.18544
18.9		0.230192		0.213473		2.1433		2.18726
19		0.442937		0.432283		2.09859		2.18872
19.1		0.649935		0.651208		2.02903		2.18933
19.2		0.848787		0.870135		1.93674		2.1884
19.3		1.03734		1.08887		1.82447		2.18501
19.4		1.21376		1.30711		1.69557		2.17805
19.5		1.37654		1.52445		1.55381		2.16631
19.6		1.52462		1.74034		1.40328		2.14845
19.7		1.6573		1.95411		1.2482		2.12316
19.8		1.77436		2.16494		1.09283		2.0891
19.9		1.87597		2.3719		0.941276		2.04506
20		1.96272		2.57392		0.797341		1.98995
20.1		2.03553		2.76986		0.664415		1.92287
20.2		2.09568		2.95848		0.54534		1.84314
20.3		2.14466		3.13848		0.442319		1.75037
20.4		2.18418		3.30855		0.356835		1.64445
20.5		2.21606		3.46737		0.289611		1.52558
20.6		2.24212		3.61367		0.240589		1.39426
20.7		2.26416		3.74624		0.208937		1.25134
20.8		2.28387		3.86396		0.193096		1.09792
20.9		2.30273		3.96585		0.190837		0.935388
21		2.32198		4.05108		0.199364		0.765353
21.1		2.34253		4.11897		0.215415		0.589613
21.2		2.36498		4.16905		0.235403		0.410099
21.3		2.38952		4.20104		0.25555		0.228818
21.4		2.41599		4.21486		0.272044		0.0478007
21.5		2.44384		4.21065		0.281185		-0.130965
21.6		2.47214		4.18871		0.279533		-0.305585
21.7		2.49966		4.14957		0.264049		-0.474317
21.8		2.52488		4.09389		0.232214		-0.635616
21.9		2.54605		4.02249		0.182136		-0.788178
22		2.56127		3.93629		0.112627		-0.93097
22.1		2.56856		3.83631		0.0232601		-1.06325
22.2		2.56592		3.72365		-0.0856046		-1.1846
22.3		2.55146		3.5994		-0.212824		-1.29487
22.4		2.5234		3.46467		-0.356503		-1.39426
22.5		2.48021		3.32054		-0.514056		-1.4832
22.6		2.42066		3.16802		-0.682291		-1.56238
22.7		2.34384		3.00805		-0.857521		-1.63272
22.8		2.24925		2.84145		-1.03569		-1.69527
22.9		2.1368		2.66896		-1.21251		-1.75119
23		2.00685		2.49118		-1.38361		-1.80171
23.1		1.86019		2.30859		-1.54472		-1.84805
23.2		1.69801		2.12154		-1.69178		-1.89138
23.3		1.52193		1.93029		-1.82108		-1.93273
23.4		1.33388		1.73497		-1.92946		-1.97301
23.5		1.13611		1.53567		-2.01432		-2.0129
23.6		0.931072		1.33238		-2.07381		-2.05286
23.7		0.721383		1.12509		-2.10682		-2.0931
23.8		0.509725		0.913758		-2.11306		-2.13354
23.9		0.298768		0.698384		-2.09304		-2.17384
24		0.0910937		0.479002		-2.04808		-2.2134
24.1		-0.110889		0.255723		-1.98023		-2.25136
24.2		-0.305011		0.0287537		-1.89221		-2.28667
24.3		-0.489405		-0.201582		-1.7873		-2.31807
24.4		-0.662557		-0.434828		-1.66922		-2.3442
24.5		-0.823346		-0.670387		-1.54203		-2.3636
24.6		-0.971064		-0.907511		-1.40989		-2.37479
24.7		-1.10543		-1.14531		-1.27702		-2.37632
24.8		-1.22657		-1.38274		-1.14745		-2.36683
24.9		-1.33502		-1.61864		-1.02496		-2.34512
25		-1.43165		-1.85174		-0.912864		-2.31016
25.1		-1.51766		-2.08065		-0.813944		-2.26116
25.2		-1.5945		-2.30395		-0.730335		-2.19763
25.3		-1.66377		-2.52017		-0.663451		-2.11934
25.4		-1.72721		-2.72782		-0.61394		-2.02642
25.5		-1.78657		-2.92546		-0.581667		-1.9193
25.6		-1.84353		-3.1117		-0.56572		-1.79872
25.7		-1.89968		-3.28523		-0.564459		-1.66574
25.8		-1.95638		-3.44487		-0.575578		-1.52168
25.9		-2.01473		-3.5896		-0.596199		-1.3681
26		-2.07554		-3.71854		-0.622987		-1.20676
26.1		-2.13924		-3.831		-0.652283		-1.03954
26.2		-2.2059		-3.92649		-0.680246		-0.868426
26.3		-2.2752		-4.00473		-0.703005		-0.695427
26.4		-2.34641		-4.06563		-0.716814		-0.522511
26.5		-2.41847		-4.10928		-0.718195		-0.351561
26.6		-2.48997		-4.13598		-0.704081		-0.184313
26.7		-2.55922		-4.14618		-0.671939		-0.0223109
26.8		-2.6243		-4.14048		-0.619872		0.133138
26.9		-2.68315		-4.11959		-0.546703		0.28099
27		-2.73362		-4.0843		-0.452025		0.420495
27.1		-2.77356		-4.0355		-0.336231		0.551201
27.2		-2.80089		-3.97407		-0.20051		0.672958
27.3		-2.8137		-3.90091		-0.0468096		0.785909
27.4		-2.81031		-3.81688		0.12222		0.890466
27.5		-2.78933		-3.7228		0.303316		0.987282
27.6		-2.74973		-3.61941		0.492714		1.07721
27.7		-2.69089		-3.50734		0.686272		1.16125
27.8		-2.61258		-3.38713		0.87962		1.24053
27.9		-2.51507		-3.25921		1.06831		1.31618
28		-2.39903		-3.12387		1.24796		1.38935
28.1		-2.26558		-2.98131		1.41443		1.46113
28.2		-2.11624		-2.83162		1.56394		1.53247
28.3		-1.95288		-2.67479		1.69323		1.60416
28.4		-1.77767		-2.51077		1.79965		1.6768
28.5		-1.59301		-2.33942		1.88124		1.75072
28.6		-1.40146		-2.16062		1.93685		1.82601
28.7		-1.20566		-1.97422		1.9661		1.90248
28.8		-1.00824		-1.78013		1.96946		1.97966
28.9		-0.811744		-1.57831		1.94819		2.0568
29		-0.618559		-1.36879		1.90429		2.13291
29.1		-0.430829		-1.15175		1.84042		2.20679
29.2		-0.250403		-0.927467		1.75981		2.27705
29.3		-0.0787809		-0.696376		1.66615		2.34217
29.4		0.0829227		-0.459071		1.56342		2.40055
29.5		0.234004		-0.216306		1.45576		2.45056
29.6		0.374178		0.0310016		1.34731		2.49062
29.7		0.503567		0.28178		1.24207		2.51922
29.8		0.622686		0.534811		1.14372		2.53502
29.9		0.732398		0.788752		1.05553		2.53685
30		0.833867		1.04215		0.980209		2.5238
30.1		0.928498		1.29349		0.919807		2.49526
30.2		1.01787		1.54119		0.875655		2.45088
30.3		1.10365		1.78367		0.848313		2.39067
30.4		1.18754		2.01933		0.837553		2.31496
30.5		1.27115		2.24667		0.842368		2.22439
30.6		1.35598		2.46423		0.861019		2.11993
30.7		1.4433		2.67068		0.891101		2.00281
30.8		1.53413		2.86483		0.929638		1.87451
30.9		1.62915		3.04562		0.973202		1.73672
31		1.72868		3.21221		1.01804		1.59125
31.1		1.83266		3.36392		1.06023		1.44003
31.2		1.94063		3.50027		1.09581		1.28501
31.3		2.05173		3.62097		1.12098		1.1281
31.4		2.16473		3.72594		1.13219		0.971138
31.5		2.27808		3.81524		1.12632		0.815823
31.6		2.38993		3.88914		1.10081		0.66366
31.7		2.49819		3.94801		1.05372		0.515924
31.8		2.60063		3.99235		0.983876		0.373631
31.9		2.69494		4.02276		0.89086		0.23751
32		2.7788		4.03987		0.775075		0.107995
32.1		2.84998		4.04436		0.637729		-0.0147759
32.2		2.90639		4.03691		0.480804		-0.130952
32.3		2.9462		4.01817		0.306989		-0.240946
32.4		2.96786		3.98871		0.119596		-0.345403
32.5		2.97021		3.94907		-0.0775541		-0.445163
32.6		2.95245		3.89966		-0.280261		-0.541211
32.7		2.91426		3.8408		-0.484088		-0.634627
32.8		2.85574		3.7727		-0.684518		-0.726528
32.9		2.77747		3.69547		-0.877107		-0.818014
33		2.68043		3.60908		-1.05764		-0.910109
33.1		2.56604		3.51342		-1.22228		-1.00371
33.2		2.43606		3.40831		-1.36769		-1.09954
33.3		2.29258		3.2935		-1.49116		-1.19811
33.4		2.13789		3.16868		-1.59069		-1.29967
33.5		1.97448		3.03356		-1.66505		-1.4042
33.6		1.8049		2.88785		-1.71383		-1.51141
33.7		1.63171		2.73129		-1.73744		-1.62072
33.8		1.45739		2.56372		-1.7371		-1.73126
33.9		1.28425		2.38506		-1.71476		-1.84192
34		1.11438		2.19537		-1.67304		-1.95137
34.1		0.949571		1.99482		-1.61515		-2.05808
34.2		0.791267		1.78379		-1.54471		-2.16039
34.3		0.640536		1.56279		-1.46566		-2.25656
34.4		0.498037		1.33252		-1.38209		-2.34483
34.5		0.364017		1.09387		-1.29809		-2.42347
34.6		0.238319		0.847871		-1.21761		-2.49082
34.7		0.120402		0.595741		-1.14425		-2.54541
34.8		0.00938345		0.338823		-1.08123		-2.58594
34.9		-0.0959155		0.0785813		-1.03116		-2.61136
35		-0.196905		-0.183427		-0.996015		-2.62091
35.1		-0.295158		-0.445586		-0.977036		-2.61413
35.2		-0.392333		-0.706247		-0.974684		-2.5909
35.3		-0.490096		-0.963768		-0.988627		-2.55143
35.4		-0.59004		-1.21654		-1.01775		-2.49625
35.5		-0.69361		-1.46304		-1.06021		-2.42621
35.6		-0.802028		-1.70181		-1.11349		-2.34244
35.7		-0.916238		-1.93155		-1.17449		-2.24631
35.8		-1.03684		-2.15111		-1.23968		-2.13942
35.9		-1.16408		-2.35948		-1.30519		-2.0235
36		-1.29778		-2.55585		-1.36701		-1.90037
36.1		-1.43738		-2.7396		-1.42107		-1.77189
36.2		-1.5819		-2.91028		-1.46347		-1.63992
36.3		-1.72998		-3.06763		-1.4906		-1.5062
36.4		-1.87993		-3.21156		-1.49926		-1.37235
36.5		-2.02976		-3.34214		-1.48682		-1.23983
36.6		-2.17724		-3.45956		-1.45131		-1.10982
36.7		-2.31998		-3.56413		-1.3915		-0.9833
36.8		-2.45552		-3.65624		-1.30696		-0.860927
36.9		-2.58138		-3.73633		-1.19807		-0.743086
37		-2.69516		-3.80486		-1.06605		-0.629866
37.1		-2.79463		-3.8623		-0.912871		-0.521076
37.2		-2.87779		-3.90907		-0.741252		-0.416268
37.3		-2.94295		-3.94554		-0.554526		-0.314765
37.4		-2.98878		-3.972		-0.356546		-0.215705
37.5		-3.01436		-3.98865		-0.15155		-0.118088
37.6		-3.0192		-3.99559		0.0559833		-0.0208255
37.7		-3.00328		-3.99279		0.261493		0.0771977
37.8		-2.96701		-3.98013		0.46049		0.177071
37.9		-2.91129		-3.95735		0.648714		0.279799
38		-2.83737		-3.92414		0.822281		0.38625
38.1		-2.74692		-3.88008		0.977813		0.497107
38.2		-2.64189		-3.82471		1.11256		0.612827
38.3		-2.52447		-3.75751		1.22447		0.733608
38.4		-2.39703		-3.67798		1.3123		0.859367
38.5		-2.26203		-3.58564		1.3756		0.989727
38.6		-2.12191		-3.48005		1.41475		1.12402
38.7		-1.97906		-3.36086		1.43092		1.26129
38.8		-1.83569		-3.22782		1.42606		1.40031
38.9		-1.69379		-3.08083		1.40276		1.53966
39		-1.55506		-2.91993		1.36419		1.67767
39.1		-1.42087		-2.74534		1.31393		1.81259
39.2		-1.29218		-2.55746		1.25591		1.94255
39.3		-1.16959		-2.35687		1.19417		2.06564
39.4		-1.05325		-2.14437		1.13276		2.18001
39.5		-0.942939		-1.92092		1.07555		2.28389
39.6		-0.838048		-1.68764		1.02612		2.37564
39.7		-0.737632		-1.44583		0.987595		2.45386
39.8		-0.640459		-1.1969		0.962522		2.51734
39.9		-0.545073		-0.942383		0.952791		2.56521
40		-0.449863		-0.683875		0.95955		2.59688
40.1		-0.353144		-0.423017		0.98316		2.6121
40.2		-0.253232		-0.161457		1.02318		2.61094
40.3		-0.148528		0.0991778		1.0784		2.59382
40.4		-0.0375928		0.357322		1.14683		2.56148
40.5		0.0807808		0.611495		1.22585		2.51491
40.6		0.207505		0.860332		1.31225		2.45539
40.7		0.343145		1.10261		1.40235		2.3844
40.8		0.487881		1.33725		1.49219		2.30354
40.9		0.641483		1.56336		1.57762		2.21455
41		0.803302		1.7802		1.65448		2.11917
41.1		0.972277		1.98724		1.71875		2.01916
41.2		1.14696		2.18408		1.76672		1.91616
41.3		1.32553		2.37051		1.79511		1.8117
41.4		1.5059		2.54645		1.80121		1.70712
41.5		1.68572		2.71196		1.78299		1.60354
41.6		1.86246		2.86718		1.73916		1.50181
41.7		2.03353		3.01234		1.66923		1.40253
41.8		2.19631		3.1477		1.57356		1.30598
41.9		2.34826		3.27354		1.45334		1.21218
42		2.48701		3.39013		1.31054		1.12085
42.1		2.61043		3.4977		1.14786		1.03149
42.2		2.71666		3.59642		0.968637		0.943345
42.3		2.80424		3.68635		0.776736		0.855496
42.4		2.87211		3.76749		0.57641		0.766891
42.5		2.91963		3.8397		0.372152		0.676401
42.6		2.94665		3.90274		0.168546		0.582873
42.7		2.95346		3.95625		-0.0298977		0.485192
42.8		2.94078		3.99975		-0.218897		0.382337
42.9		2.90978		4.03269		-0.394545		0.273434
43		2.86196		4.05442		-0.553446		0.157802
43.1		2.79916		4.06424		-0.692829		0.0349999
43.2		2.72346		4.06141		-0.810638		-0.0951468
43.3		2.63708		4.04521		-0.9056		-0.23252
43.4		2.54236		4.01492		-0.977262		-0.376699
43.5		2.44163		3.96988		-1.026		-0.526957
43.6		2.33714		3.90955		-1.05298		-0.682279
43.7		2.23099		3.83346		-1.06012		-0.841373
43.8		2.12506		3.74131		-1.05002		-1.00271
43.9		2.02092		3.63296		-1.02584		-1.16457
44		1.91981		3.50844		-0.991146		-1.32508
44.1		1.82259		3.36799		-0.949839		-1.48228
44.2		1.72974		3.21203		-0.905943		-1.63416
44.3		1.64131		3.0412		-0.863469		-1.77874
44.4		1.55695		2.85633		-0.826263		-1.91416
44.5		1.47596		2.65842		-0.797845		-2.03865
44.6		1.3973		2.44864		-0.781281		-2.1507
44.7		1.31964		2.22831		-0.779059		-2.24898
44.8		1.24144		1.99887		-0.792988		-2.3325
44.9		1.16101		1.76184		-0.82413		-2.40055
45		1.07659		1.51878		-0.872754		-2.45275
45.1		0.986458		1.27129		-0.938316		-2.48907
45.2		0.888954		1.02096		-1.01948		-2.5098
45.3		0.782605		0.76932		-1.11417		-2.51555
45.4		0.66618		0.517832		-1.21962		-2.50721
45.5		0.538757		0.267853		-1.3325		-2.48594
45.6		0.39977		0.0206135		-1.44901		-2.45308
45.7		0.249052		-0.222799		-1.56507		-2.41014
45.8		0.0868603		-0.461454		-1.67638		-2.35873
45.9		-0.0861186		-0.694585		-1.77869		-2.30049
46		-0.268773		-0.921592		-1.86785		-2.23703
46.1		-0.459591		-1.14203		-1.94006		-2.16991
46.2		-0.656696		-1.35561		-1.99192		-2.10051
46.3		-0.857899		-1.56217		-2.02065		-2.03008
46.4		-1.06076		-1.76165		-2.02411		-1.9596
46.5		-1.26268		-1.95411		-2.00095		-1.88984
46.6		-1.46093		-2.13964		-1.95064		-1.82125
46.7		-1.6528		-2.31837		-1.87347		-1.75403
46.8		-1.83564		-2.49044		-1.77059		-1.68807
46.9		-2.00696		-2.65598		-1.64394		-1.623
47		-2.16449		-2.81503		-1.49619		-1.5582
47.1		-2.30627		-2.9676		-1.33066		-1.49284
47.2		-2.43071		-3.11358		-1.15121		-1.4259
47.3		-2.53662		-3.25275		-0.962084		-1.35624
47.4		-2.62324		-3.38479		-0.767766		-1.28265
47.5		-2.69028		-3.50925		-0.572841		-1.20392
47.6		-2.73792		-3.62555		-0.381817		-1.11887
47.7		-2.76675		-3.733		-0.198976		-1.02642
47.8		-2.77781		-3.83081		-0.0282208		-0.92566
47.9		-2.77249		-3.91811		0.127056		-0.815874
48		-2.75248		-3.99397		0.264088		-0.696597
48.1		-2.71973		-4.05742		0.380831		-0.567644
48.2		-2.67635		-4.1075		0.476022		-0.429133
48.3		-2.62455		-4.14325		0.549221		-0.281493
48.4		-2.56651		-4.16381		0.600814		-0.125468
48.5		-2.50436		-4.16837		0.63199		0.037893
48.6		-2.44007		-4.15626		0.644686		0.207264
48.7		-2.37537		-4.12695		0.641505		0.38107
48.8		-2.3117		-4.08009		0.625611		0.557531
48.9		-2.25016		-4.01549		0.6006		0.73471
49		-2.19149		-3.9332		0.570358		0.910572
49.1		-2.13599		-3.83343		0.538907		1.08304
49.2		-2.08361		-3.71664		0.510248		1.25007
49.3		-2.03385		-3.58347		0.488202		1.40967
49.4		-1.98588		-3.43475		0.476262		1.56002
49.5		-1.93852		-3.27151		0.477449		1.69949
49.6		-1.89032		-3.09489		0.494199		1.82668
49.7		-1.83962		-2.9062		0.528259		1.94048
49.8		-1.78463		-2.70682		0.580617		2.04007
49.9		-1.72349		-2.4982		0.651454		2.12499
50		-1.65435		-2.28183		0.740137		2.1951
50.1		-1.57549		-2.05918		0.845227		2.25057
50.2		-1.48535		-1.83171		0.96453		2.29191
50.3		-1.38264		-1.60078		1.09517		2.31991
50.4		-1.26639		-1.3677		1.2337		2.3356
50.5		-1.13599		-1.13363		1.3762		2.34022
50.6		-0.991253		-0.899623		1.51845		2.33517
50.7		-0.832412		-0.666565		1.65604		2.32192
50.8		-0.660154		-0.435202		1.7846		2.30201
50.9		-0.4756		-0.206126		1.89985		2.27693
51		-0.280284		0.0202195		1.99789		2.24809
51.1		-0.0761138		0.243526		2.07521		2.21679
51.2		0.13468		0.463607		2.12893		2.18412
51.3		0.34961		0.680375		2.15684		2.15095
51.4		0.566003		0.893816		2.15749		2.1179
51.5		0.781083		1.10397		2.13028		2.08532
51.6		0.992054		1.31088		2.07544		2.05326
51.7		1.19619		1.51462		1.99406		2.02148
51.8		1.3909		1.71517		1.88804		1.9895
51.9		1.57385		1.9125		1.76001		1.95657
52		1.74298		2.10647		1.61326		1.92172
52.1		1.89659		2.29682		1.45162		1.88383
52.2		2.0334		2.4832		1.27929		1.84165
52.3		2.15256		2.66512		1.10076		1.79386
52.4		2.25367		2.84194		0.92057		1.73913
52.5		2.33678		3.01291		0.743219		1.67621
52.6		2.40242		3.17715		0.572962		1.60394
52.7		2.45148		3.33367		0.413679		1.52131
52.8		2.48524		3.48139		0.268735		1.42755
52.9		2.5053		3.61917		0.140865		1.32214
53		2.51347		3.74581		0.0320855		1.20485
53.1		2.51176		3.86014		-0.0563786		1.07575
53.2		2.50222		3.96097		-0.124124		0.935252
53.3		2.48693		4.0472		-0.171575		0.78408
53.4		2.46788		4.11781		-0.19996		0.623275
53.5		2.4469		4.17188		-0.211256		0.454166
53.6		2.42557		4.20868		-0.208103		0.278341
53.7		2.40521		4.22759		-0.1937		0.0975985
53.8		2.38675		4.22824		-0.171674		-0.0860968
53.9		2.37078		4.21043		-0.145935		-0.270674
54		2.35746		4.17416		-0.120523		-0.454015
54.1		2.34657		4.11967		-0.0994494		-0.634017
54.2		2.33748		4.04741		-0.0865346		-0.808654
54.3		2.32918		3.95799		-0.0852594		-0.976037
54.4		2.32035		3.85224		-0.0986253		-1.13446
54.5		2.30939		3.73114		-0.129033		-1.28247
54.6		2.29449		3.59578		-0.178186		-1.41888
54.7		2.27372		3.44739		-0.247013		-1.54281
54.8		2.24507		3.28724		-0.335629		-1.6537
54.9		2.2066		3.11666		-0.44332		-1.75132
55		2.15644		2.93698		-0.568559		-1.83579
55.1		2.09293		2.74949		-0.709054		-1.90751
55.2		2.01469		2.55546		-0.861827		-1.96717
55.3		1.92065		2.35604		-1.02331		-2.01572
55.4		1.81012		2.15229		-1.18949		-2.0543
55.5		1.68286		1.94515		-1.35601		-2.08419
55.6		1.53903		1.73542		-1.51836		-2.10678
55.7		1.37929		1.52376		-1.67203		-2.12348
55.8		1.20474		1.31069		-1.81266		-2.13566
55.9		1.01687		1.09659		-1.93621		-2.14465
56		0.817588		0.88173		-2.03909		-2.15158
56.1		0.60913		0.666252		-2.1183		-2.15743
56.2		0.393993		0.450224		-2.17155		-2.16294
56.3		0.174868		0.233648		-2.19731		-2.16861
56.4		-0.0454421		0.0164931		-2.1949		-2.17463
56.5		-0.264106		-0.20128		-2.16448		-2.18093
56.6		-0.478354		-0.419687		-2.10709		-2.18713
56.7		-0.68556		-0.638693		-2.02456		-2.19259
56.8		-0.883321		-0.858186		-1.91948		-2.19644
56.9		-1.06953		-1.07796		-1.79509		-2.19757
57		-1.24243		-1.29767		-1.65518		-2.19471
57.1		-1.40066		-1.51687		-1.50392		-2.18649
57.2		-1.54332		-1.73493		-1.34575		-2.17146
57.3		-1.66992		-1.95112		-1.18518		-2.14817
57.4		-1.78047		-2.16453		-1.02667		-2.11523
57.5		-1.87536		-2.37414		-0.874428		-2.07138
57.6		-1.95545		-2.57878		-0.732301		-2.01552
57.7		-2.02191		-2.77722		-0.603603		-1.94677
57.8		-2.07625		-2.96812		-0.491022		-1.86453
57.9		-2.12017		-3.15011		-0.396519		-1.76847
58		-2.15559		-3.32181		-0.321262		-1.65862
58.1		-2.18445		-3.48184		-0.265596		-1.53531
58.2		-2.2087		-3.62888		-0.229034		-1.39922
58.3		-2.23023		-3.7617		-0.210284		-1.25135
58.4		-2.25072		-3.87918		-0.207309		-1.093
58.5		-2.27163		-3.98034		-0.217404		-0.925726
58.6		-2.29413		-4.06437		-0.237312		-0.751314
58.7		-2.31901		-4.13065		-0.263353		-0.57172
58.8		-2.3467		-4.17876		-0.291566		-0.389014
58.9		-2.37722		-4.2085		-0.317869		-0.205321
59		-2.41018		-4.21988		-0.338219		-0.0227556
59.1		-2.44477		-4.21311		-0.348771		0.156637
59.2		-2.47984		-4.1886		-0.346032		0.330944
59.3		-2.5139		-4.14696		-0.326999		0.498435
59.4		-2.54517		-4.08895		-0.289282		0.657615
59.5		-2.5717		-4.01547		-0.231204		0.807259
59.6		-2.59138		-3.92753		-0.15187		0.946444
59.7		-2.60206		-3.8262		-0.0512137		1.07457
59.8		-2.60163		-3.71263		0.0699905		1.19135
59.9		-2.5881		-3.58794		0.210145		1.29684
60		-2.55965		-3.45325		0.366881		1.39139
60.1		-2.51479		-3.30965		0.537129		1.47563
60.2		-2.45231		-3.15811		0.717232		1.55043
60.3		-2.37144		-2.99954		0.903065		1.61684
60.4		-2.27181		-2.83471		1.09018		1.67608
60.5		-2.15351		-2.66429		1.27396		1.72944
60.6		-2.01713		-2.48879		1.44979		1.77824
60.7		-1.86367		-2.30861		1.6132		1.82377
60.8		-1.6946		-2.12401		1.76005		1.86721
60.9		-1.51176		-1.93514		1.88667		1.90961
61		-1.31735		-1.74206		1.98995		1.95184
61.1		-1.11383		-1.54475		2.06753		1.9945
61.2		-0.90389		-1.34315		2.11778		2.03796
61.3		-0.690306		-1.13716		2.13996		2.08228
61.4		-0.475905		-0.926696		2.13417		2.12725
61.5		-0.263457		-0.711717		2.10137		2.17237
61.6		-0.0555958		-0.492239		2.04335		2.21684
61.7		0.145266		-0.268372		1.96263		2.25964
61.8		0.337002		-0.0403398		1.86242		2.29951
61.9		0.517836		0.191498		1.74644		2.33506
62		0.686388		0.426636		1.61884		2.36475
62.1		0.841709		0.66441		1.48399		2.387
62.2		0.983297		0.903997		1.34638		2.40021
62.3		1.1111		1.14441		1.2104		2.40287
62.4		1.22548		1.38454		1.08021		2.39358
62.5		1.32724		1.6231		0.959599		2.37111
62.6		1.41749		1.85873		0.851824		2.33446
62.7		1.49767		2.08997		0.759504		2.28293
62.8		1.56945		2.3153		0.68453		2.21608
62.9		1.63462		2.53318		0.627997		2.13384
63		1.69506		2.74207		0.59017		2.03645
63.1		1.75265		2.94048		0.57048		1.92452
63.2		1.80913		3.12699		0.567553		1.79897
63.3		1.86611		3.3003		0.579265		1.66102
63.4		1.92493		3.45923		0.602829		1.51219
63.5		1.9866		3.60278		0.634906		1.35422
63.6		2.05182		3.73012		0.671738		1.189
63.7		2.12085		3.84063		0.709291		1.01859
63.8		2.19358		3.93389		0.743418		0.845062
63.9		2.26943		4.00969		0.770019		0.670522
64		2.34748		4.06805		0.785202		0.496994
64.1		2.42638		4.10914		0.785437		0.326378
64.2		2.50449		4.13337		0.767696		0.160398
64.3		2.57986		4.14126		0.729577		0.000546503
64.4		2.65035		4.13351		0.669402		-0.151949
64.5		2.7137		4.1109		0.58629		-0.296158
64.6		2.7676		4.0743		0.4802		-0.431465
64.7		2.80975		4.02462		0.351944		-0.557576
64.8		2.83802		3.96278		0.203167		-0.674515
64.9		2.85044		3.88971		0.0362997		-0.782603
65		2.84535		3.80625		-0.145525		-0.882436
65.1		2.82142		3.7132		-0.338574		-0.974842
65.2		2.77773		3.61126		-0.53864		-1.06084
65.3		2.7138		3.50101		-0.741191		-1.14158
65.4		2.62961		3.38292		-0.941525		-1.2183
65.5		2.52561		3.25732		-1.13493		-1.29225
65.6		2.40274		3.12444		-1.31687		-1.36463
65.7		2.26235		2.98436		-1.4831		-1.43656
65.8		2.10621		2.8371		-1.62987		-1.509
65.9		1.93646		2.68254		-1.75399		-1.58269
66		1.75548		2.52054		-1.85302		-1.65815
66.1		1.5659		2.3509		-1.92529		-1.73563
66.2		1.37046		2.17342		-1.96996		-1.81508
66.3		1.17192		1.98789		-1.98708		-1.89615
66.4		0.973029		1.7942		-1.97756		-1.9782
66.5		0.776377		1.59227		-1.94313		-2.06032
66.6		0.584351		1.38216		-1.88628		-2.14132
66.7		0.399051		1.16404		-1.81015		-2.21983
66.8		0.222236		0.93823		-1.71843		-2.29428
66.9		0.0552693		0.705223		-1.61521		-2.363
67		-0.10091		0.465673		-1.50482		-2.42425
67.1		-0.245804		0.220415		-1.3917		-2.47632
67.2		-0.379358		-0.0295479		-1.28018		-2.51751
67.3		-0.501943		-0.283048		-1.17436		-2.54631
67.4		-0.614327		-0.538774		-1.07798		-2.56134
67.5		-0.717625		-0.795285		-0.994209		-2.56148
67.6		-0.81324		-1.05104		-0.925596		-2.54587
67.7		-0.902797		-1.30444		-0.873949		-2.51399
67.8		-0.988064		-1.55383		-0.840276		-2.46563
67.9		-1.07087		-1.79757		-0.824748		-2.40092
68		-1.15301		-2.03403		-0.826699		-2.32037
68.1		-1.23618		-2.26166		-0.844654		-2.2248
68.2		-1.32189		-2.47901		-0.876388		-2.11535
68.3		-1.41139		-2.68476		-0.91901		-1.99345
68.4		-1.50562		-2.87774		-0.969083		-1.86074
68.5		-1.60512		-3.05695		-1.02275		-1.71907
68.6		-1.71007		-3.2216		-1.07588		-1.5704
68.7		-1.82019		-3.37108		-1.12424		-1.41678
68.8		-1.93481		-3.50501		-1.16366		-1.26022
68.9		-2.05282		-3.62318		-1.19016		-1.10272
69		-2.17275		-3.7256		-1.20017		-0.946124
69.1		-2.29277		-3.81245		-1.1906		-0.79211
69.2		-2.4108		-3.88406		-1.15902		-0.642135
69.3		-2.52453		-3.94091		-1.10372		-0.497393
69.4		-2.63151		-3.98356		-1.02382		-0.358787
69.5		-2.72928		-4.01268		-0.919269		-0.226907
69.6		-2.81538		-4.02896		-0.790901		-0.102029
69.7		-2.88749		-4.03309		-0.640384		0.0158847
69.8		-2.94351		-4.02577		-0.470183		0.127163
69.9		-2.9816		-4.00765		-0.283476		0.232403
70		-3.00029		-3.97928		-0.0840498		0.332429
70.1		-2.99851		-3.94114		0.123833		0.428245
70.2		-2.97563		-3.8936		0.335575		0.520987
70.3		-2.93151		-3.83691		0.546409		0.611856
70.4		-2.86647		-3.7712		0.75156		0.70207
70.5		-2.78131		-3.69647		0.94641		0.79279
70.6		-2.6773		-3.61261		1.12666		0.885074
70.7		-2.55608		-3.51943		1.28849		0.979814
70.8		-2.41969		-3.41663		1.42866		1.07769
70.9		-2.27042		-3.30388		1.54465		1.17914
71		-2.11081		-3.1808		1.63475		1.28431
71.1		-1.9435		-3.04702		1.69807		1.39307
71.2		-1.7712		-2.90219		1.73461		1.50494
71.3		-1.59657		-2.74604		1.74524		1.61919
71.4		-1.42213		-2.57838		1.73164		1.73477
71.5		-1.25019		-2.39912		1.69627		1.85038
71.6		-1.0828		-2.20834		1.64222		1.9645
71.7		-0.921662		-2.00626		1.57316		2.07544
71.8		-0.768075		-1.79329		1.49313		2.18139
71.9		-0.622933		-1.57003		1.40642		2.28047
72		-0.486685		-1.33724		1.3174		2.37081
72.1		-0.359346		-1.09591		1.23037		2.4506
72.2		-0.240508		-0.847168		1.14938		2.51815
72.3		-0.129375		-0.592319		1.07807		2.57197
72.4		-0.0248106		-0.332807		1.01956		2.6108
72.5		0.0746053		-0.0701872		0.976311		2.63364
72.6		0.170503		0.193901		0.950046		2.63983
72.7		0.264647		0.457767		0.941676		2.62905
72.8		0.35885		0.719706		0.95127		2.6013
72.9		0.454892		0.978032		0.978056		2.55696
73		0.554432		1.23111		1.02045		2.49675
73.1		0.658932		1.4774		1.0761		2.4217
73.2		0.769586		1.71548		1.14202		2.33313
73.3		0.887254		1.94407		1.21463		2.23258
73.4		1.01242		2.16204		1.28999		2.12181
73.5		1.14515		2.36847		1.36383		2.00269
73.6		1.28508		2.56263		1.43184		1.87716
73.7		1.43141		2.74395		1.48972		1.74718
73.8		1.58292		2.91211		1.53343		1.61464
73.9		1.738		3.06693		1.5593		1.48132
74		1.8947		3.20841		1.56418		1.34881
74.1		2.05077		3.33673		1.54559		1.21852
74.2		2.20376		3.45215		1.50176		1.09156
74.3		2.35109		3.55506		1.43179		0.96877
74.4		2.49011		3.64592		1.3356		0.850687
74.5		2.61822		3.72521		1.21401		0.737531
74.6		2.73294		3.79343		1.0687		0.629214
74.7		2.83201		3.85105		0.902142		0.525362
74.8		2.91344		3.89849		0.717538		0.425342
74.9		2.9756		3.9361		0.5187		0.328298
75		3.01728		3.96412		0.309929		0.233201
75.1		3.0377		3.98271		0.0958583		0.1389
75.2		3.03657		3.99188		-0.1187		0.0441836
75.3		3.01408		3.99152		-0.328925		-0.0521616
75.4		2.9709		3.98141		-0.530156		-0.151289
75.5		2.90816		3.96123		-0.71805		-0.254235
75.6		2.82739		3.93054		-0.888736		-0.361861
75.7		2.7305		3.88884		-1.03894		-0.474811
75.8		2.61968		3.83557		-1.16612		-0.593465
75.9		2.49733		3.77014		-1.2685		-0.717918
76		2.36601		3.69199		-1.34517		-0.847952
76.1		2.22831		3.60056		-1.39612		-0.983036
76.2		2.08677		3.4954		-1.42218		-1.12233
76.3		1.94384		3.37612		-1.425		-1.26469
76.4		1.80172		3.24249		-1.40702		-1.40872
76.5		1.66237		3.09442		-1.37132		-1.55279
76.6		1.52738		2.93198		-1.32153		-1.69508
76.7		1.39797		2.75544		-1.26166		-1.83368
76.8		1.27494		2.56529		-1.19596		-1.96656
76.9		1.15867		2.36218		-1.12879		-2.09175
77		1.04908		2.14699		-1.06438		-2.20728
77.1		0.94569		1.92077		-1.00672		-2.31136
77.2		0.847639		1.68476		-0.959421		-2.40234
77.3		0.753724		1.44034		-0.925508		-2.47884
77.4		0.662471		1.18902		-0.907373		-2.53974
77.5		0.5722		0.932417		-0.906648		-2.58423
77.6		0.481111		0.672193		-0.924147		-2.61186
77.7		0.387361		0.410051		-0.959838		-2.62253
77.8		0.289155		0.147684		-1.01284		-2.61649
77.9		0.184826		-0.113257		-1.08144		-2.59432
78		0.0729189		-0.371199		-1.16319		-2.55695
78.1		-0.0477416		-0.624673		-1.25495		-2.50557
78.2		-0.177986		-0.872346		-1.35304		-2.44162
78.3		-0.318254		-1.11304		-1.45338		-2.36674
78.4		-0.468557		-1.34574		-1.55159		-2.2827
78.5		-0.628462		-1.56962		-1.64323		-2.19133
78.6		-0.797092		-1.78405		-1.7239		-2.09447
78.7		-0.973136		-1.98856		-1.78945		-1.99392
78.8		-1.15488		-2.18287		-1.83611		-1.89136
78.9		-1.34027		-2.36687		-1.86065		-1.78828
79		-1.52694		-2.54057		-1.86051		-1.68598
79.1		-1.71232		-2.7041		-1.83387		-1.58549
79.2		-1.89368		-2.85769		-1.77976		-1.48756
79.3		-2.06826		-3.00162		-1.69807		-1.39262
79.4		-2.23331		-3.13622		-1.58959		-1.30081
79.5		-2.38621		-3.26178		-1.45597		-1.21196
79.6		-2.52455		-3.3786		-1.29969		-1.12562
79.7		-2.64622		-3.48689		-1.12393		-1.04109
79.8		-2.74943		-3.5868		-0.932525		-0.957436
79.9		-2.83282		-3.67836		-0.729777		-0.873574
80		-2.89549		-3.76149		-0.52034		-0.788302
80.1		-2.93701		-3.83599		-0.309045		-0.700363
80.2		-2.95742		-3.90153		-0.100733		-0.608508
80.3		-2.95727		-3.95766		0.0999126		-0.511559
80.4		-2.93755		-4.00381		0.288529		-0.408463
80.5		-2.89967		-4.03933		0.461225		-0.298352
80.6		-2.84539		-4.06346		0.614715		-0.180588
80.7		-2.7768		-4.07543		0.746426		-0.0548044
80.8		-2.69616		-4.07442		0.854589		0.0790652
80.9		-2.60591		-4.05962		0.938287		0.220768
81		-2.50852		-4.03028		0.997485		0.369727
81.1		-2.40641		-3.98569		1.03301		0.525042
81.2		-2.30188		-3.92529		1.04654		0.68551
81.3		-2.19705		-3.84863		1.04048		0.849657
81.4		-2.09372		-3.7554		1.01791		1.01577
81.5		-1.99338		-3.64552		0.982449		1.18195
81.6		-1.89714		-3.51906		0.938103		1.34616
81.7		-1.80566		-3.37634		0.889115		1.50632
81.8		-1.71921		-3.21785		0.839798		1.6603
81.9		-1.63759		-3.04433		0.794367		1.80606
82		-1.56023		-2.85669		0.756775		1.94167
82.1		-1.48615		-2.65604		0.730562		2.0654
82.2		-1.41404		-2.44365		0.718713		2.17571
82.3		-1.34234		-2.22093		0.723543		2.27139
82.4		-1.26928		-1.9894		0.746603		2.35151
82.5		-1.19299		-1.75065		0.78862		2.41549
82.6		-1.11155		-1.50631		0.84946		2.46313
82.7		-1.02311		-1.25802		0.928132		2.49453
82.8		-0.92596		-1.0074		1.02282		2.51019
82.9		-0.818604		-0.755969		1.13093		2.5109
83		-0.699846		-0.505193		1.24923		2.49774
83.1		-0.568847		-0.256392		1.37389		2.47203
83.2		-0.425169		-0.010752		1.50069		2.43529
83.3		-0.268816		0.230705		1.62516		2.38918
83.4		-0.100249		0.467125		1.74271		2.3354
83.5		0.0796131		0.697829		1.84882		2.2757
83.6		0.269407		0.922308		1.93924		2.21175
83.7		0.46736		1.14022		2.01009		2.14509
83.8		0.671335		1.35136		2.05803		2.07713
83.9		0.878893		1.55568		2.08043		2.00904
84		1.08736		1.7532		2.07537		1.94171
84.1		1.29393		1.94404		2.04183		1.8758
84.2		1.49572		2.12837		1.97965		1.81162
84.3		1.68987		2.30637		1.88955		1.74919
84.4		1.87366		2.4782		1.77317		1.68825
84.5		2.04455		2.64401		1.63293		1.62822
84.6		2.20031		2.80383		1.47202		1.56829
84.7		2.33904		2.95764		1.29424		1.50746
84.8		2.45926		3.10529		1.10389		1.44454
84.9		2.55993		3.24652		0.905619		1.37823
85		2.6405		3.38091		0.704255		1.30721
85.1		2.7009		3.50793		0.504637		1.23015
85.2		2.74155		3.62691		0.311448		1.14582
85.3		2.7633		3.73706		0.129046		1.05311
85.4		2.76746		3.8375		-0.0386804		0.951118
85.5		2.75566		3.92727		-0.188452		0.839165
85.6		2.72984		4.00532		-0.317709		0.716866
85.7		2.69217		4.07063		-0.424691		0.584144
85.8		2.64494		4.12216		-0.508499		0.441254
85.9		2.59048		4.1589		-0.569114		0.288783
86		2.5311		4.17993		-0.607388		0.127652
86.1		2.46897		4.18445		-0.625003		-0.0409062
86.2		2.40605		4.17178		-0.624398		-0.215375
86.3		2.34402		4.14142		-0.608669		-0.393993
86.4		2.28423		4.09303		-0.581445		-0.574806
86.5		2.22764		4.02651		-0.546742		-0.755719
86.6		2.17478		3.94194		-0.508807		-0.934561
86.7		2.12577		3.83965		-0.471947		-1.10915
86.8		2.08029		3.72017		-0.440366		-1.27735
86.9		2.0376		3.58423		-0.417995		-1.43715
87		1.9966		3.43278		-0.408339		-1.58672
87.1		1.95585		3.26693		-0.41434		-1.72445
87.2		1.91366		3.08793		-0.438256		-1.849
87.3		1.86815		2.89716		-0.481573		-1.95938
87.4		1.81732		2.69607		-0.544937		-2.05489
87.5		1.75916		2.48619		-0.628128		-2.13521
87.6		1.69172		2.26904		-0.730053		-2.20038
87.7		1.61319		2.04611		-0.848789		-2.25076
87.8		1.52201		1.81887		-0.981639		-2.28704
87.9		1.41694		1.58868		-1.12523		-2.3102
88		1.29706		1.3568		-1.27563		-2.32145
88.1		1.16191		1.12436		-1.42848		-2.3222
88.2		1.01147		0.892326		-1.57918		-2.31397
88.3		0.846192		0.661525		-1.72303		-2.29838
88.4		0.666985		0.43261		-1.85539		-2.27704
88.5		0.475227		0.206077		-1.97187		-2.2515
88.6		0.272715		-0.0177264		-2.06849		-2.22318
88.7		0.0616194		-0.238592		-2.14184		-2.19336
88.8		-0.155576		-0.456428		-2.18914		-2.16309
88.9		-0.37615		-0.671232		-2.20843		-2.13313
89		-0.597225		-0.88307		-2.19859		-2.104
89.1		-0.815852		-1.09204		-2.15939		-2.07589
89.2		-1.02911		-1.29825		-2.09152		-2.04869
89.3		-1.23418		-1.50177		-1.99653		-2.02199
89.4		-1.42846		-1.70263		-1.87683		-1.9951
89.5		-1.60962		-1.90077		-1.73556		-1.96709
89.6		-1.77566		-2.09602		-1.57648		-1.93682
89.7		-1.92502		-2.2881		-1.40389		-1.90298
89.8		-2.05655		-2.47659		-1.2224		-1.86418
89.9		-2.16961		-2.66091		-1.03681		-1.81896
90		-2.26403		-2.84035		-0.851948		-1.76592
90.1		-2.34012		-3.01406		-0.672472		-1.70372
90.2		-2.39864		-3.18106		-0.502717		-1.63117
90.3		-2.44076		-3.34026		-0.346543		-1.54729
90.4		-2.46803		-3.4905		-0.207201		-1.45134
90.5		-2.48228		-3.63052		-0.0872183		-1.34287
90.6		-2.48553		-3.75906		0.011682		-1.22177
90.7		-2.47997		-3.87487		0.0886394		-1.08825
90.8		-2.46781		-3.97672		0.143676		-0.942871
90.9		-2.45122		-4.06346		0.177689		-0.786547
91		-2.43224		-4.13406		0.192402		-0.620502
91.1		-2.41269		-4.1876		0.190299		-0.446256
91.2		-2.39411		-4.22335		0.174517		-0.265582
91.3		-2.3777		-4.24076		0.148723		-0.0804582
91.4		-2.36427		-4.23949		0.116966		0.106994
91.5		-2.35421		-4.21942		0.0835181		0.294565
91.6		-2.34746		-4.18063		0.0527069		0.480031
91.7		-2.34356		-4.12346		0.0287442		0.661212
91.8		-2.34161		-4.04844		0.0155601		0.83604
91.9		-2.34036		-3.95631		0.016648		1.00262
92		-2.3382		-3.84796		0.0349244		1.15929
92.1		-2.33331		-3.72449		0.0726115		1.30464
92.2		-2.32364		-3.58707		0.131145		1.4376
92.3		-2.30705		-3.43699		0.211111		1.55741
92.4		-2.28141		-3.2756		0.312214		1.66367
92.5		-2.24463		-3.10426		0.433282		1.75633
92.6		-2.19479		-2.92433		0.572293		1.83568
92.7		-2.13023		-2.73711		0.726452		1.90232
92.8		-2.04958		-2.54385		0.892275		1.95713
92.9		-1.95187		-2.34566		1.06572		2.00123
93		-1.83654		-2.14357		1.24231		2.03593
93.1		-1.70352		-1.93844		1.41733		2.06267
93.2		-1.5532		-1.731		1.58595		2.08293
93.3		-1.38645		-1.52182		1.74342		2.09823
93.4		-1.20463		-1.31132		1.88524		2.10999
93.5		-1.00951		-1.09979		2.00733		2.11953
93.6		-0.803256		-0.887384		2.10616		2.128
93.7		-0.588356		-0.674163		2.17887		2.13631
93.8		-0.367543		-0.460104		2.22341		2.1451
93.9		-0.143715		-0.245131		2.23857		2.15475
94		0.080153		-0.0291493		2.22406		2.16531
94.1		0.301102		0.187928		2.1805		2.17653
94.2		0.51628		0.406147		2.1094		2.18787
94.3		0.723029		0.625485		2.01309		2.19849
94.4		0.918965		0.845821		1.89468		2.20732
94.5		1.10205		1.06692		1.7579		2.21307
94.6		1.27065		1.2884		1.607		2.21431
94.7		1.42356		1.50974		1.44654		2.20949
94.8		1.56007		1.73026		1.28131		2.19706
94.9		1.67994		1.94912		1.11609		2.17546
95		1.78341		2.16532		0.955501		2.14325
95.1		1.87115		2.37773		0.803831		2.09912
95.2		1.94427		2.58511		0.664899		2.04198
95.3		2.00422		2.78611		0.541906		1.97101
95.4		2.05272		2.9793		0.437327		1.88568
95.5		2.09173		3.16323		0.352827		1.78578
95.6		2.12332		3.33645		0.289205		1.67147
95.7		2.14958		3.49753		0.246376		1.54324
95.8		2.17258		3.64512		0.223377		1.40196
95.9		2.19422		3.77795		0.218415		1.24882
96		2.21621		3.89491		0.22894		1.08529
96.1		2.23994		3.99505		0.25175		0.913138
96.2		2.26647		4.07759		0.283115		0.734321
96.3		2.29647		4.14196		0.318929		0.550953
96.4		2.33015		4.18783		0.35487		0.365243
96.5		2.36733		4.21507		0.386567		0.179424
96.6		2.40736		4.22377		0.409775		-0.0043143
96.7		2.44919		4.21426		0.420543		-0.183885
96.8		2.49138		4.18704		0.415365		-0.35737
96.9		2.53218		4.14283		0.391327		-0.523073
97		2.56958		4.08247		0.346221		-0.679566
97.1		2.60138		4.00695		0.278639		-0.825726
97.2		2.62528		3.91735		0.188037		-0.960761
97.3		2.63899		3.81481		0.0747599		-1.08422
97.4		2.64026		3.70051		-0.0599521		-1.19601
97.5		2.62704		3.57561		-0.214006		-1.29636
97.6		2.59752		3.44123		-0.384518		-1.3858
97.7		2.55021		3.29843		-0.567916		-1.46517
97.8		2.48403		3.14817		-0.760057		-1.5355
97.9		2.39831		2.9913		-0.95637		-1.59804
98		2.29287		2.82853		-1.15202		-1.65413
98.1		2.16803		2.66044		-1.34208		-1.70518
98.2		2.02458		2.48746		-1.5217		-1.75261
98.3		1.8638		2.30989		-1.68628		-1.79774
98.4		1.68743		2.12788		-1.83163		-1.8418
98.5		1.49757		1.9415		-1.95412		-1.88579
98.6		1.29669		1.7507		-2.05082		-1.93052
98.7		1.08747		1.55538		-2.11958		-1.97653
98.8		0.872812		1.35539		-2.15913		-2.02403
98.9		0.655667		1.15057		-2.16911		-2.07297
99		0.438988		0.940798		-2.15006		-2.12294
99.1		0.22563		0.725996		-2.10344		-2.17325
99.2		0.0182535		0.506169		-2.03154		-2.22294
99.3		-0.180746		0.281435		-1.93742		-2.27078
99.4		-0.369314		0.0520466		-1.82475		-2.31533
99.5		-0.545794		-0.181593		-1.69774		-2.35501
99.6		-0.70897		-0.418915		-1.56092		-2.38814
99.7		-0.858093		-0.659179		-1.41902		-2.41301
99.8		-0.992891		-0.901475		-1.27678		-2.42793
99.9		-1.11356		-1.14473		-1.13876		-2.43132
100		-1.22075		-1.3877		-1.00921		-2.42174
