Datos Ecuación Calor para la Plata: k = 1.71
Estamos usando incremento x = 1
Se muestran los resultados para distintos valores de r a tiempo = 300s.
-------------------------------------------------------------

r = 0.0855
x	u(x,t)
0	0
1	0.0754802
2	0.151062
3	0.226849
4	0.30294
5	0.379435
6	0.456434
7	0.534031
8	0.61232
9	0.691394
10	0.771339
11	0.852241
12	0.93418
13	1.01723
14	1.10147
15	1.18696
16	1.27377
17	1.36195
18	1.45156
19	1.54264
20	1.63523
21	1.72936
22	1.82507
23	1.92238
24	2.02129
25	2.12183
26	2.22399
27	2.32777
28	2.43315
29	2.54012
30	2.64866
31	2.75874
32	2.87032
33	2.98335
34	3.09779
35	3.21358
36	3.33067
37	3.44899
38	3.56846
39	3.68902
40	3.81058
41	3.93306
42	4.05638
43	4.18043
44	4.30513
45	4.43038
46	4.55608
47	4.68213
48	4.80842
49	4.93485
50	5.06132
51	5.18773
52	5.31395
53	5.4399
54	5.56547
55	5.69055
56	5.81505
57	5.93887
58	6.06191
59	6.18408
60	6.3053
61	6.42547
62	6.54451
63	6.66236
64	6.77892
65	6.89415
66	7.00798
67	7.12034
68	7.2312
69	7.3405
70	7.44821
71	7.55429
72	7.65872
73	7.76147
74	7.86254
75	7.96192
76	8.05961
77	8.1556
78	8.24992
79	8.34259
80	8.43363
81	8.52307
82	8.61095
83	8.69731
84	8.78221
85	8.86569
86	8.94782
87	9.02866
88	9.10829
89	9.18678
90	9.26421
91	9.34066
92	9.41622
93	9.49098
94	9.56503
95	9.63847
96	9.7114
97	9.78391
98	9.85611
99	9.92811
100	10
-------------------------------------------------------------

r = 0.171
x	u(x,t)
0	0
1	0.0755064
2	0.151115
3	0.226927
4	0.303044
5	0.379565
6	0.456588
7	0.534209
8	0.612522
9	0.691619
10	0.771586
11	0.852508
12	0.934467
13	1.01754
14	1.10179
15	1.1873
16	1.27412
17	1.36232
18	1.45194
19	1.54303
20	1.63563
21	1.72977
22	1.82548
23	1.92279
24	2.02171
25	2.12225
26	2.22441
27	2.32818
28	2.43356
29	2.54053
30	2.64906
31	2.75913
32	2.8707
33	2.98372
34	3.09814
35	3.21392
36	3.33099
37	3.44929
38	3.56875
39	3.68929
40	3.81083
41	3.93328
42	4.05657
43	4.1806
44	4.30528
45	4.4305
46	4.55617
47	4.68219
48	4.80846
49	4.93487
50	5.06131
51	5.18768
52	5.31388
53	5.43981
54	5.56535
55	5.69041
56	5.81488
57	5.93867
58	6.06169
59	6.18384
60	6.30503
61	6.42518
62	6.5442
63	6.66203
64	6.77858
65	6.89379
66	7.0076
67	7.11996
68	7.2308
69	7.34009
70	7.44779
71	7.55387
72	7.65829
73	7.76104
74	7.86211
75	7.96149
76	8.05917
77	8.15517
78	8.2495
79	8.34218
80	8.43322
81	8.52267
82	8.61056
83	8.69694
84	8.78185
85	8.86534
86	8.94749
87	9.02836
88	9.108
89	9.18651
90	9.26396
91	9.34043
92	9.41602
93	9.4908
94	9.56487
95	9.63834
96	9.71129
97	9.78383
98	9.85606
99	9.92808
100	10
-------------------------------------------------------------

r = 0.2565
x	u(x,t)
0	0
1	0.0754978
2	0.151098
3	0.226901
4	0.30301
5	0.379522
6	0.456537
7	0.53415
8	0.612456
9	0.691545
10	0.771505
11	0.852421
12	0.934373
13	1.01744
14	1.10169
15	1.18719
16	1.27401
17	1.3622
18	1.45182
19	1.5429
20	1.6355
21	1.72964
22	1.82535
23	1.92266
24	2.02158
25	2.12212
26	2.22428
27	2.32805
28	2.43343
29	2.5404
30	2.64894
31	2.75901
32	2.87058
33	2.9836
34	3.09803
35	3.21382
36	3.33089
37	3.4492
38	3.56866
39	3.68921
40	3.81075
41	3.93322
42	4.05652
43	4.18055
44	4.30524
45	4.43047
46	4.55615
47	4.68218
48	4.80845
49	4.93487
50	5.06132
51	5.1877
52	5.31391
53	5.43984
54	5.56539
55	5.69046
56	5.81494
57	5.93874
58	6.06177
59	6.18392
60	6.30512
61	6.42528
62	6.54431
63	6.66214
64	6.77869
65	6.89391
66	7.00773
67	7.12009
68	7.23093
69	7.34023
70	7.44793
71	7.55401
72	7.65843
73	7.76119
74	7.86226
75	7.96163
76	8.05932
77	8.15532
78	8.24965
79	8.34232
80	8.43336
81	8.52281
82	8.61069
83	8.69707
84	8.78197
85	8.86546
86	8.94761
87	9.02846
88	9.10811
89	9.18661
90	9.26405
91	9.34051
92	9.41609
93	9.49086
94	9.56493
95	9.63838
96	9.71133
97	9.78386
98	9.85608
99	9.92809
100	10
-------------------------------------------------------------

r = 0.342
x	u(x,t)
0	0
1	0.0755415
2	0.151185
3	0.227032
4	0.303183
5	0.379737
6	0.456793
7	0.534447
8	0.612792
9	0.691918
10	0.771915
11	0.852865
12	0.93485
13	1.01795
14	1.10223
15	1.18776
16	1.2746
17	1.36281
18	1.45245
19	1.54355
20	1.63616
21	1.73031
22	1.82604
23	1.92335
24	2.02228
25	2.12282
26	2.22497
27	2.32874
28	2.43412
29	2.54108
30	2.6496
31	2.75966
32	2.87121
33	2.98421
34	3.09862
35	3.21438
36	3.33143
37	3.4497
38	3.56913
39	3.68964
40	3.81115
41	3.93358
42	4.05684
43	4.18083
44	4.30548
45	4.43066
46	4.5563
47	4.68229
48	4.80852
49	4.93489
50	5.06129
51	5.18763
52	5.31379
53	5.43968
54	5.56518
55	5.69021
56	5.81465
57	5.93841
58	6.06139
59	6.18351
60	6.30467
61	6.42479
62	6.54379
63	6.66159
64	6.77812
65	6.89331
66	7.0071
67	7.11944
68	7.23027
69	7.33955
70	7.44724
71	7.5533
72	7.65772
73	7.76047
74	7.86154
75	7.96091
76	8.0586
77	8.15461
78	8.24894
79	8.34162
80	8.43268
81	8.52214
82	8.61005
83	8.69644
84	8.78137
85	8.86489
86	8.94706
87	9.02795
88	9.10762
89	9.18616
90	9.26363
91	9.34014
92	9.41575
93	9.49056
94	9.56467
95	9.63817
96	9.71115
97	9.78373
98	9.85599
99	9.92805
100	10
-------------------------------------------------------------

r = 0.4275
x	u(x,t)
0	0
1	0.075559
2	0.15122
3	0.227084
4	0.303252
5	0.379824
6	0.456896
7	0.534566
8	0.612927
9	0.692068
10	0.772079
11	0.853044
12	0.935042
13	1.01815
14	1.10244
15	1.18798
16	1.27484
17	1.36306
18	1.4527
19	1.54381
20	1.63643
21	1.73059
22	1.82632
23	1.92363
24	2.02256
25	2.1231
26	2.22526
27	2.32902
28	2.4344
29	2.54135
30	2.64987
31	2.75992
32	2.87146
33	2.98446
34	3.09886
35	3.2146
36	3.33164
37	3.4499
38	3.56932
39	3.68982
40	3.81131
41	3.93373
42	4.05697
43	4.18095
44	4.30557
45	4.43075
46	4.55637
47	4.68233
48	4.80854
49	4.93489
50	5.06128
51	5.1876
52	5.31375
53	5.43962
54	5.5651
55	5.69011
56	5.81453
57	5.93828
58	6.06125
59	6.18335
60	6.3045
61	6.4246
62	6.54359
63	6.66138
64	6.77789
65	6.89307
66	7.00686
67	7.11918
68	7.23
69	7.33928
70	7.44696
71	7.55302
72	7.65744
73	7.76018
74	7.86125
75	7.96063
76	8.05832
77	8.15432
78	8.24866
79	8.34135
80	8.43241
81	8.52188
82	8.60979
83	8.69619
84	8.78113
85	8.86466
86	8.94684
87	9.02774
88	9.10743
89	9.18598
90	9.26347
91	9.33999
92	9.41561
93	9.49044
94	9.56457
95	9.63808
96	9.71108
97	9.78367
98	9.85596
99	9.92803
100	10
-------------------------------------------------------------

r = 0.513
x	u(x,t)
0	0
1	-1.91468e+19
2	3.82839e+19
3	-5.74015e+19
4	7.64897e+19
5	-9.55385e+19
6	1.14537e+20
7	-1.33475e+20
8	1.52341e+20
9	-1.71124e+20
10	1.8981e+20
11	-2.08388e+20
12	2.26843e+20
13	-2.45162e+20
14	2.63329e+20
15	-2.8133e+20
16	2.99147e+20
17	-3.16764e+20
18	3.34164e+20
19	-3.51327e+20
20	3.68235e+20
21	-3.84869e+20
22	4.01207e+20
23	-4.17229e+20
24	4.32914e+20
25	-4.48241e+20
26	4.63186e+20
27	-4.77729e+20
28	4.91847e+20
29	-5.05516e+20
30	5.18716e+20
31	-5.31423e+20
32	5.43616e+20
33	-5.55273e+20
34	5.66373e+20
35	-5.76895e+20
36	5.86819e+20
37	-5.96126e+20
38	6.04798e+20
39	-6.12818e+20
40	6.20169e+20
41	-6.26837e+20
42	6.32808e+20
43	-6.38069e+20
44	6.42609e+20
45	-6.4642e+20
46	6.49492e+20
47	-6.51821e+20
48	6.534e+20
49	-6.54228e+20
50	6.54303e+20
51	-6.53625e+20
52	6.52196e+20
53	-6.5002e+20
54	6.47103e+20
55	-6.43452e+20
56	6.39075e+20
57	-6.33982e+20
58	6.28185e+20
59	-6.21698e+20
60	6.14534e+20
61	-6.06709e+20
62	5.98241e+20
63	-5.89147e+20
64	5.79446e+20
65	-5.69159e+20
66	5.58304e+20
67	-5.46904e+20
68	5.34981e+20
69	-5.22556e+20
70	5.09652e+20
71	-4.96292e+20
72	4.82499e+20
73	-4.68295e+20
74	4.53704e+20
75	-4.38747e+20
76	4.23446e+20
77	-4.07824e+20
78	3.91902e+20
79	-3.75701e+20
80	3.5924e+20
81	-3.42539e+20
82	3.25618e+20
83	-3.08493e+20
84	2.91183e+20
85	-2.73704e+20
86	2.5607e+20
87	-2.38298e+20
88	2.20401e+20
89	-2.02393e+20
90	1.84285e+20
91	-1.66089e+20
92	1.47816e+20
93	-1.29478e+20
94	1.11082e+20
95	-9.26387e+19
96	7.41565e+19
97	-5.56438e+19
98	3.71083e+19
99	-1.85579e+19
100	10
-------------------------------------------------------------

r = 0.5985
x	u(x,t)
0	0
1	-1.12228e+121
2	2.24505e+121
3	-3.36877e+121
4	4.4939e+121
5	-5.62084e+121
6	6.74991e+121
7	-7.8814e+121
8	9.01549e+121
9	-1.01523e+122
10	1.12917e+122
11	-1.24337e+122
12	1.3578e+122
13	-1.47241e+122
14	1.58716e+122
15	-1.70198e+122
16	1.81677e+122
17	-1.93146e+122
18	2.04591e+122
19	-2.16001e+122
20	2.27361e+122
21	-2.38654e+122
22	2.49865e+122
23	-2.60974e+122
24	2.71961e+122
25	-2.82805e+122
26	2.93484e+122
27	-3.03976e+122
28	3.14256e+122
29	-3.24301e+122
30	3.34084e+122
31	-3.43581e+122
32	3.52766e+122
33	-3.61614e+122
34	3.70099e+122
35	-3.78197e+122
36	3.85882e+122
37	-3.93132e+122
38	3.99922e+122
39	-4.06232e+122
40	4.1204e+122
41	-4.17328e+122
42	4.22077e+122
43	-4.26271e+122
44	4.29896e+122
45	-4.32939e+122
46	4.35389e+122
47	-4.37239e+122
48	4.38481e+122
49	-4.39112e+122
50	4.39129e+122
51	-4.38532e+122
52	4.37325e+122
53	-4.35511e+122
54	4.33097e+122
55	-4.30093e+122
56	4.26509e+122
57	-4.22358e+122
58	4.17656e+122
59	-4.12418e+122
60	4.06664e+122
61	-4.00413e+122
62	3.93685e+122
63	-3.86504e+122
64	3.78893e+122
65	-3.70877e+122
66	3.62479e+122
67	-3.53726e+122
68	3.44644e+122
69	-3.35259e+122
70	3.25596e+122
71	-3.15683e+122
72	3.05543e+122
73	-2.95203e+122
74	2.84687e+122
75	-2.74017e+122
76	2.63218e+122
77	-2.52311e+122
78	2.41315e+122
79	-2.3025e+122
80	2.19134e+122
81	-2.07982e+122
82	1.96811e+122
83	-1.85632e+122
84	1.74458e+122
85	-1.63299e+122
86	1.52163e+122
87	-1.41056e+122
88	1.29985e+122
89	-1.18953e+122
90	1.07963e+122
91	-9.70144e+121
92	8.61084e+121
93	-7.5243e+121
94	6.44157e+121
95	-5.3623e+121
96	4.28603e+121
97	-3.21226e+121
98	2.14041e+121
99	-1.06988e+121
100	10
