                ---  DERIVACIÓN ANALÍTICA  ---
Se muestran las derivadas de las posiciones y posteriormente de las velocidades hechas de forma analítica:
Tiempo  Posición  Velocidad  Aceleración
0		 0		 0		0.7
0.024	 0.000201439	 0.0167799	 0.698322
0.048	 0.000805111	 0.0335195	 0.696648
0.072	 0.00181	 0.050219	 0.694978
0.096	 0.00322	 0.0668785	 0.693312
0.12	 0.00502	 0.083498	 0.69165
0.144	 0.00722	 0.100078	 0.689992
0.168	 0.00982	 0.116618	 0.688338
0.192	 0.01282	 0.133118	 0.686688
0.216	 0.01621	 0.149579	 0.685042
0.24	 0.02	 0.166	 0.6834
0.264	 0.02418	 0.182382	 0.681762
0.288	 0.02875	 0.198725	 0.680128
0.312	 0.03372	 0.215028	 0.678497
0.336	 0.03907	 0.231293	 0.676871
0.36	 0.04482	 0.247518	 0.675248
0.384	 0.05096	 0.263704	 0.67363
0.408	 0.05748	 0.279852	 0.672015
0.432	 0.06439	 0.295961	 0.670404
0.456	 0.07168	 0.312032	 0.668797
0.48	 0.07937	 0.328063	 0.667194
0.504	 0.08743	 0.344057	 0.665594
0.528	 0.09588	 0.360012	 0.663999
0.552	 0.10471	 0.375929	 0.662407
0.576	 0.11392	 0.391808	 0.660819
0.6	 0.12352	 0.407648	 0.659235
0.624	 0.13349	 0.423451	 0.657655
0.648	 0.14384	 0.439216	 0.656078
0.672	 0.15457	 0.454943	 0.654506
0.696	 0.16568	 0.470632	 0.652937
0.72	 0.17716	 0.486284	 0.651372
0.744	 0.18902	 0.501898	 0.64981
0.768	 0.20125	 0.517475	 0.648253
0.792	 0.21386	 0.533014	 0.646699
0.816	 0.22684	 0.548516	 0.645148
0.84	 0.24019	 0.563981	 0.643602
0.864	 0.25391	 0.579409	 0.642059
0.888	 0.268	 0.5948	 0.64052
0.912	 0.28246	 0.610154	 0.638985
0.936	 0.29729	 0.625471	 0.637453
0.96	 0.31248	 0.640752	 0.635925
0.984	 0.32804	 0.655996	 0.6344
1.008	 0.34397	 0.671203	 0.63288
1.032	 0.36026	 0.686374	 0.631363
1.056	 0.37691	 0.701509	 0.629849
1.08	 0.39393	 0.716607	 0.628339
1.104	 0.41131	 0.731669	 0.626833
1.128	 0.42905	 0.746695	 0.625331
1.152	 0.44715	 0.761685	 0.623832
1.176	 0.46561	 0.776639	 0.622336
1.2	 0.48443	 0.791557	 0.620844
1.224	 0.50361	 0.806439	 0.619356
1.248	 0.52314	 0.821286	 0.617871
1.272	 0.54303	 0.836097	 0.61639
1.296	 0.56327	 0.850873	 0.614913
1.32	 0.58387	 0.865613	 0.613439
1.344	 0.60482	 0.880318	 0.611968
1.368	 0.62612	 0.894988	 0.610501
1.392	 0.64778	 0.909622	 0.609038
1.416	 0.66979	 0.924221	 0.607578
1.44	 0.69214	 0.938786	 0.606121
1.464	 0.71485	 0.953315	 0.604668
1.488	 0.7379	 0.96781	 0.603219
1.512	 0.7613	 0.98227	 0.601773
1.536	 0.78505	 0.996695	 0.60033
1.56	 0.80914	 1.01109	 0.598891
1.584	 0.83358	 1.02544	 0.597456
1.608	 0.85836	 1.03976	 0.596024
1.632	 0.88349	 1.05405	 0.594595
1.656	 0.90896	 1.0683	 0.59317
1.68	 0.93477	 1.08252	 0.591748
1.704	 0.96092	 1.09671	 0.590329
1.728	 0.98741	 1.11086	 0.588914
1.752	 1.01424	 1.12498	 0.587502
1.776	 1.04141	 1.13906	 0.586094
1.8	 1.06891	 1.15311	 0.584689
1.824	 1.09676	 1.16712	 0.583288
1.848	 1.12494	 1.18111	 0.581889
1.872	 1.15345	 1.19505	 0.580495
1.896	 1.1823	 1.20897	 0.579103
1.92	 1.21148	 1.22285	 0.577715
1.944	 1.241	 1.2367	 0.57633
1.968	 1.27084	 1.25052	 0.574948
1.992	 1.30102	 1.2643	 0.57357
2.016	 1.33153	 1.27805	 0.572195
2.04	 1.36237	 1.29176	 0.570824
2.064	 1.39353	 1.30545	 0.569455
2.088	 1.42503	 1.3191	 0.56809
2.112	 1.45685	 1.33272	 0.566728
2.136	 1.489	 1.3463	 0.56537
2.16	 1.52147	 1.35985	 0.564015
2.184	 1.55427	 1.37337	 0.562663
2.208	 1.58739	 1.38686	 0.561314
2.232	 1.62084	 1.40032	 0.559968
2.256	 1.65461	 1.41374	 0.558626
2.28	 1.6887	 1.42713	 0.557287
2.304	 1.72311	 1.44049	 0.555951
2.328	 1.75784	 1.45382	 0.554618
2.352	 1.79289	 1.46711	 0.553289
2.376	 1.82826	 1.48037	 0.551963
2.4	 1.86395	 1.4936	 0.55064
2.424	 1.89996	 1.5068	 0.54932
2.448	 1.93628	 1.51997	 0.548003
2.472	 1.97291	 1.53311	 0.546689
2.496	 2.00987	 1.54621	 0.545379
2.52	 2.04713	 1.55929	 0.544071
2.544	 2.08471	 1.57233	 0.542767
2.568	 2.1226	 1.58534	 0.541466
2.592	 2.16081	 1.59832	 0.540168
2.616	 2.19932	 1.61127	 0.538873
2.64	 2.23815	 1.62419	 0.537581
2.664	 2.27728	 1.63707	 0.536293
2.688	 2.31673	 1.64993	 0.535007
2.712	 2.35648	 1.66275	 0.533725
2.736	 2.39654	 1.67555	 0.532445
2.76	 2.43691	 1.68831	 0.531169
2.784	 2.47758	 1.70104	 0.529896
2.808	 2.51855	 1.71374	 0.528626
2.832	 2.55984	 1.72642	 0.527358
2.856	 2.60142	 1.73906	 0.526094
2.88	 2.64331	 1.75167	 0.524833
2.904	 2.6855	 1.76425	 0.523575
2.928	 2.728	 1.7768	 0.52232
2.952	 2.77079	 1.78932	 0.521068
2.976	 2.81388	 1.80181	 0.519819
3	 2.85728	 1.81427	 0.518573
3.024	 2.90097	 1.8267	 0.51733
3.048	 2.94496	 1.8391	 0.51609
3.072	 2.98924	 1.85148	 0.514852
3.096	 3.03383	 1.86382	 0.513618
3.12	 3.07871	 1.87613	 0.512387
3.144	 3.12388	 1.88841	 0.511159
3.168	 3.16935	 1.90066	 0.509934
3.192	 3.21511	 1.91289	 0.508711
3.216	 3.26117	 1.92508	 0.507492
3.24	 3.30752	 1.93725	 0.506275
3.264	 3.35416	 1.94938	 0.505062
3.288	 3.40109	 1.96149	 0.503851
3.312	 3.44831	 1.97357	 0.502643
3.336	 3.49582	 1.98562	 0.501438
3.36	 3.54362	 1.99764	 0.500236
3.384	 3.5917	 2.00963	 0.499037
3.408	 3.64008	 2.02159	 0.497841
3.432	 3.68874	 2.03353	 0.496647
3.456	 3.73769	 2.04543	 0.495457
3.48	 3.78692	 2.05731	 0.494269
3.504	 3.83644	 2.06916	 0.493084
3.528	 3.88624	 2.08098	 0.491902
3.552	 3.93633	 2.09277	 0.490723
3.576	 3.98669	 2.10453	 0.489547
3.6	 4.03734	 2.11627	 0.488373
3.624	 4.08827	 2.12797	 0.487203
3.648	 4.13949	 2.13965	 0.486035
3.672	 4.19098	 2.1513	 0.48487
3.696	 4.24275	 2.16293	 0.483707
3.72	 4.2948	 2.17452	 0.482548
3.744	 4.34712	 2.18609	 0.481391
3.768	 4.39973	 2.19763	 0.480237
3.792	 4.45261	 2.20914	 0.479086
3.816	 4.50577	 2.22062	 0.477938
3.84	 4.5592	 2.23208	 0.476792
3.864	 4.61291	 2.24351	 0.475649
3.888	 4.66689	 2.25491	 0.474509
3.912	 4.72114	 2.26629	 0.473371
3.936	 4.77567	 2.27763	 0.472237
3.96	 4.83047	 2.28895	 0.471105
3.984	 4.88554	 2.30025	 0.469975
4.008	 4.94088	 2.31151	 0.468849
4.032	 4.99649	 2.32275	 0.467725
4.056	 5.05237	 2.33396	 0.466604
4.08	 5.10852	 2.34515	 0.465485
4.104	 5.16494	 2.35631	 0.464369
4.128	 5.22162	 2.36744	 0.463256
4.152	 5.27858	 2.37854	 0.462146
4.176	 5.33579	 2.38962	 0.461038
4.2	 5.39328	 2.40067	 0.459933
4.224	 5.45103	 2.4117	 0.45883
4.248	 5.50904	 2.4227	 0.45773
4.272	 5.56732	 2.43367	 0.456633
4.296	 5.62585	 2.44461	 0.455539
4.32	 5.68466	 2.45553	 0.454447
4.344	 5.74372	 2.46643	 0.453357
4.368	 5.80304	 2.4773	 0.45227
4.392	 5.86263	 2.48814	 0.451186
4.416	 5.92248	 2.49895	 0.450105
4.44	 5.98258	 2.50974	 0.449026
4.464	 6.04294	 2.52051	 0.447949
4.488	 6.10356	 2.53124	 0.446876
4.512	 6.16444	 2.54196	 0.445804
4.536	 6.22558	 2.55264	 0.444736
4.56	 6.28697	 2.5633	 0.44367
4.584	 6.34862	 2.57394	 0.442606
4.608	 6.41052	 2.58455	 0.441545
4.632	 6.47267	 2.59513	 0.440487
4.656	 6.53508	 2.60569	 0.439431
4.68	 6.59775	 2.61623	 0.438377
4.704	 6.66066	 2.62673	 0.437327
4.728	 6.72383	 2.63722	 0.436278
4.752	 6.78725	 2.64768	 0.435232
4.776	 6.85092	 2.65811	 0.434189
4.8	 6.91484	 2.66852	 0.433148
4.824	 6.97901	 2.6789	 0.43211
4.848	 7.04342	 2.68926	 0.431074
4.872	 7.10809	 2.69959	 0.430041
4.896	 7.173	 2.7099	 0.42901
4.92	 7.23817	 2.72018	 0.427982
4.944	 7.30357	 2.73044	 0.426956
4.968	 7.36923	 2.74068	 0.425932
4.992	 7.43513	 2.75089	 0.424911
5.016	 7.50127	 2.76107	 0.423893
5.04	 7.56766	 2.77123	 0.422877
5.064	 7.63429	 2.78137	 0.421863
5.088	 7.70116	 2.79148	 0.420852
5.112	 7.76828	 2.80157	 0.419843
5.136	 7.83564	 2.81164	 0.418836
5.16	 7.90324	 2.82168	 0.417832
5.184	 7.97108	 2.83169	 0.416831
5.208	 8.03916	 2.84168	 0.415832
5.232	 8.10748	 2.85165	 0.414835
5.256	 8.17604	 2.8616	 0.41384
5.28	 8.24484	 2.87152	 0.412848
5.304	 8.31387	 2.88141	 0.411859
5.328	 8.38314	 2.89129	 0.410871
5.352	 8.45265	 2.90113	 0.409887
5.376	 8.5224	 2.91096	 0.408904
5.4	 8.59238	 2.92076	 0.407924
5.424	 8.66259	 2.93054	 0.406946
5.448	 8.73304	 2.9403	 0.40597
5.472	 8.80373	 2.95003	 0.404997
5.496	 8.87464	 2.95974	 0.404026
5.52	 8.94579	 2.96942	 0.403058
5.544	 9.01718	 2.97908	 0.402092
5.568	 9.08879	 2.98872	 0.401128
5.592	 9.16063	 2.99834	 0.400166
5.616	 9.23271	 3.00793	 0.399207
5.64	 9.30502	 3.0175	 0.39825
5.664	 9.37755	 3.02705	 0.397295
5.688	 9.45031	 3.03657	 0.396343
5.712	 9.52331	 3.04607	 0.395393
5.736	 9.59652	 3.05555	 0.394445
5.76	 9.66997	 3.065	 0.3935
5.784	 9.74364	 3.07444	 0.392556
5.808	 9.81754	 3.08385	 0.391615
5.832	 9.89167	 3.09323	 0.390677
5.856	 9.96602	 3.1026	 0.38974
5.88	 10.0406	 3.11194	 0.388806
5.904	 10.1154	 3.12126	 0.387874
5.928	 10.1904	 3.13056	 0.386944
5.952	 10.2657	 3.13983	 0.386017
5.976	 10.3411	 3.14909	 0.385091
6	 10.4168	 3.15832	 0.384168
6.024	 10.4927	 3.16753	 0.383247
6.048	 10.5689	 3.17671	 0.382329
6.072	 10.6452	 3.18588	 0.381412
6.096	 10.7218	 3.19502	 0.380498
6.12	 10.7986	 3.20414	 0.379586
6.144	 10.8756	 3.21324	 0.378676
6.168	 10.9528	 3.22232	 0.377768
6.192	 11.0303	 3.23138	 0.376862
6.216	 11.1079	 3.24041	 0.375959
6.24	 11.1858	 3.24942	 0.375058
6.264	 11.2639	 3.25841	 0.374159
6.288	 11.3422	 3.26738	 0.373262
6.312	 11.4207	 3.27633	 0.372367
6.336	 11.4994	 3.28525	 0.371475
6.36	 11.5784	 3.29416	 0.370584
6.384	 11.6576	 3.30304	 0.369696
6.408	 11.737	 3.3119	 0.36881
6.432	 11.8165	 3.32075	 0.367925
6.456	 11.8963	 3.32957	 0.367043
6.48	 11.9764	 3.33836	 0.366164
6.504	 12.0566	 3.34714	 0.365286
6.528	 12.137	 3.3559	 0.36441
6.552	 12.2177	 3.36463	 0.363537
6.576	 12.2985	 3.37335	 0.362665
6.6	 12.3796	 3.38204	 0.361796
6.624	 12.4609	 3.39071	 0.360929
6.648	 12.5424	 3.39937	 0.360063
6.672	 12.624	 3.408	 0.3592
6.696	 12.7059	 3.41661	 0.358339
6.72	 12.788	 3.4252	 0.35748
6.744	 12.8703	 3.43377	 0.356623
6.768	 12.9528	 3.44231	 0.355769
6.792	 13.0356	 3.45084	 0.354916
6.816	 13.1185	 3.45935	 0.354065
6.84	 13.2016	 3.46784	 0.353216
6.864	 13.285	 3.47631	 0.352369
6.888	 13.3685	 3.48475	 0.351525
6.912	 13.4522	 3.49318	 0.350682
6.936	 13.5361	 3.50158	 0.349842
6.96	 13.6203	 3.50997	 0.349003
6.984	 13.7046	 3.51834	 0.348166
7.008	 13.7892	 3.52668	 0.347332
7.032	 13.8739	 3.53501	 0.346499
7.056	 13.9588	 3.54331	 0.345669
7.08	 14.044	 3.5516	 0.34484
7.104	 14.1293	 3.55987	 0.344013
7.128	 14.2149	 3.56811	 0.343189
7.152	 14.3006	 3.57634	 0.342366
7.176	 14.3865	 3.58455	 0.341545
7.2	 14.4727	 3.59273	 0.340727
7.224	 14.559	 3.6009	 0.33991
7.248	 14.6455	 3.60905	 0.339095
7.272	 14.7322	 3.61718	 0.338282
7.296	 14.8191	 3.62529	 0.337471
7.32	 14.9062	 3.63338	 0.336662
7.344	 14.9935	 3.64145	 0.335855
7.368	 15.081	 3.6495	 0.33505
7.392	 15.1687	 3.65753	 0.334247
7.416	 15.2566	 3.66554	 0.333446
7.44	 15.3446	 3.67354	 0.332646
7.464	 15.4329	 3.68151	 0.331849
7.488	 15.5214	 3.68946	 0.331054
7.512	 15.61	 3.6974	 0.33026
7.536	 15.6988	 3.70532	 0.329468
7.56	 15.7879	 3.71321	 0.328679
7.584	 15.8771	 3.72109	 0.327891
7.608	 15.9665	 3.72895	 0.327105
7.632	 16.0561	 3.73679	 0.326321
7.656	 16.1458	 3.74462	 0.325538
7.68	 16.2358	 3.75242	 0.324758
7.704	 16.3259	 3.7602	 0.32398
7.728	 16.4163	 3.76797	 0.323203
7.752	 16.5068	 3.77572	 0.322428
7.776	 16.5975	 3.78345	 0.321655
7.8	 16.6884	 3.79116	 0.320884
7.824	 16.7795	 3.79885	 0.320115
7.848	 16.8708	 3.80652	 0.319348
7.872	 16.9622	 3.81418	 0.318582
7.896	 17.0539	 3.82182	 0.317818
7.92	 17.1457	 3.82943	 0.317057
7.944	 17.2377	 3.83703	 0.316297
7.968	 17.3298	 3.84462	 0.315538
7.992	 17.4222	 3.85218	 0.314782
8.016	 17.5147	 3.85973	 0.314027
8.04	 17.6075	 3.86725	 0.313275
8.064	 17.7004	 3.87476	 0.312524
8.088	 17.7935	 3.88225	 0.311775
8.112	 17.8867	 3.88973	 0.311027
8.136	 17.9802	 3.89718	 0.310282
8.16	 18.0738	 3.90462	 0.309538
8.184	 18.1676	 3.91204	 0.308796
8.208	 18.2616	 3.91944	 0.308056
8.232	 18.3557	 3.92683	 0.307317
8.256	 18.4501	 3.9342	 0.30658
8.28	 18.5446	 3.94154	 0.305846
8.304	 18.6392	 3.94888	 0.305112
8.328	 18.7341	 3.95619	 0.304381
8.352	 18.8291	 3.96349	 0.303651
8.376	 18.9244	 3.97076	 0.302924
8.4	 19.0197	 3.97803	 0.302197
8.424	 19.1153	 3.98527	 0.301473
8.448	 19.211	 3.9925	 0.30075
8.472	 19.3069	 3.99971	 0.300029
8.496	 19.403	 4.0069	 0.29931
8.52	 19.4993	 4.01407	 0.298593
8.544	 19.5957	 4.02123	 0.297877
8.568	 19.6923	 4.02837	 0.297163
8.592	 19.789	 4.03549	 0.296451
8.616	 19.886	 4.0426	 0.29574
8.64	 19.9831	 4.04969	 0.295031
8.664	 20.0804	 4.05676	 0.294324
8.688	 20.1778	 4.06382	 0.293618
8.712	 20.2754	 4.07086	 0.292914
8.736	 20.3732	 4.07788	 0.292212
8.76	 20.4712	 4.08488	 0.291512
8.784	 20.5693	 4.09187	 0.290813
8.808	 20.6676	 4.09884	 0.290116
8.832	 20.766	 4.1058	 0.28942
8.856	 20.8647	 4.11273	 0.288727
8.88	 20.9635	 4.11965	 0.288035
8.904	 21.0624	 4.12656	 0.287344
8.928	 21.1615	 4.13345	 0.286655
8.952	 21.2608	 4.14032	 0.285968
8.976	 21.3603	 4.14717	 0.285283
9	 21.4599	 4.15401	 0.284599
9.024	 21.5597	 4.16083	 0.283917
9.048	 21.6596	 4.16764	 0.283236
9.072	 21.7597	 4.17443	 0.282557
9.096	 21.86	 4.1812	 0.28188
9.12	 21.9604	 4.18796	 0.281204
9.144	 22.061	 4.1947	 0.28053
9.168	 22.1617	 4.20143	 0.279857
9.192	 22.2627	 4.20813	 0.279187
9.216	 22.3637	 4.21483	 0.278517
9.24	 22.465	 4.2215	 0.27785
9.264	 22.5664	 4.22816	 0.277184
9.288	 22.6679	 4.23481	 0.276519
9.312	 22.7696	 4.24144	 0.275856
9.336	 22.8715	 4.24805	 0.275195
9.36	 22.9735	 4.25465	 0.274535
9.384	 23.0757	 4.26123	 0.273877
9.408	 23.1781	 4.26779	 0.273221
9.432	 23.2806	 4.27434	 0.272566
9.456	 23.3833	 4.28087	 0.271913
9.48	 23.4861	 4.28739	 0.271261
9.504	 23.5891	 4.2939	 0.27061
9.528	 23.6922	 4.30038	 0.269962
9.552	 23.7955	 4.30685	 0.269315
9.576	 23.8989	 4.31331	 0.268669
9.6	 24.0025	 4.31975	 0.268025
9.624	 24.1062	 4.32617	 0.267383
9.648	 24.2102	 4.33258	 0.266742
9.672	 24.3142	 4.33898	 0.266102
9.696	 24.4184	 4.34536	 0.265464
9.72	 24.5228	 4.35172	 0.264828
9.744	 24.6273	 4.35807	 0.264193
9.768	 24.732	 4.3644	 0.26356
9.792	 24.8368	 4.37072	 0.262928
9.816	 24.9418	 4.37702	 0.262298
9.84	 25.0469	 4.38331	 0.261669
9.864	 25.1522	 4.38958	 0.261042
9.888	 25.2576	 4.39584	 0.260416
9.912	 25.3632	 4.40208	 0.259792
9.936	 25.4689	 4.40831	 0.259169
9.96	 25.5748	 4.41452	 0.258548
9.984	 25.6808	 4.42072	 0.257928
10.008	 25.787	 4.4269	 0.25731
10.032	 25.8933	 4.43307	 0.256693
10.056	 25.9998	 4.43922	 0.256078
10.08	 26.1064	 4.44536	 0.255464
10.104	 26.2131	 4.45149	 0.254851
10.128	 26.32	 4.4576	 0.25424
10.152	 26.4271	 4.46369	 0.253631
10.176	 26.5343	 4.46977	 0.253023
10.2	 26.6416	 4.47584	 0.252416
10.224	 26.7491	 4.48189	 0.251811
10.248	 26.8568	 4.48792	 0.251208
10.272	 26.9646	 4.49394	 0.250606
10.296	 27.0725	 4.49995	 0.250005
10.32	 27.1806	 4.50594	 0.249406
10.344	 27.2888	 4.51192	 0.248808
10.368	 27.3971	 4.51789	 0.248211
10.392	 27.5056	 4.52384	 0.247616
10.416	 27.6143	 4.52977	 0.247023
10.44	 27.7231	 4.53569	 0.246431
10.464	 27.832	 4.5416	 0.24584
10.488	 27.9411	 4.54749	 0.245251
10.512	 28.0503	 4.55337	 0.244663
10.536	 28.1596	 4.55924	 0.244076
10.56	 28.2691	 4.56509	 0.243491
10.584	 28.3787	 4.57093	 0.242907
10.608	 28.4885	 4.57675	 0.242325
10.632	 28.5984	 4.58256	 0.241744
10.656	 28.7085	 4.58835	 0.241165
10.68	 28.8187	 4.59413	 0.240587
10.704	 28.929	 4.5999	 0.24001
10.728	 29.0395	 4.60565	 0.239435
10.752	 29.1501	 4.61139	 0.238861
10.776	 29.2608	 4.61712	 0.238288
10.8	 29.3717	 4.62283	 0.237717
10.824	 29.4827	 4.62853	 0.237147
10.848	 29.5939	 4.63421	 0.236579
10.872	 29.7051	 4.63989	 0.236011
10.896	 29.8166	 4.64554	 0.235446
10.92	 29.9281	 4.65119	 0.234881
10.944	 30.0398	 4.65682	 0.234318
10.968	 30.1517	 4.66243	 0.233757
10.992	 30.2636	 4.66804	 0.233196
11.016	 30.3757	 4.67363	 0.232637
11.04	 30.488	 4.6792	 0.23208
11.064	 30.6003	 4.68477	 0.231523
11.088	 30.7128	 4.69032	 0.230968
11.112	 30.8255	 4.69585	 0.230415
11.136	 30.9382	 4.70138	 0.229862
11.16	 31.0511	 4.70689	 0.229311
11.184	 31.1642	 4.71238	 0.228762
11.208	 31.2773	 4.71787	 0.228213
11.232	 31.3906	 4.72334	 0.227666
11.256	 31.504	 4.7288	 0.22712
11.28	 31.6176	 4.73424	 0.226576
11.304	 31.7313	 4.73967	 0.226033
11.328	 31.8451	 4.74509	 0.225491
11.352	 31.9591	 4.7505	 0.22495
11.376	 32.0731	 4.75589	 0.224411
11.4	 32.1873	 4.76127	 0.223873
11.424	 32.3017	 4.76663	 0.223337
11.448	 32.4161	 4.77199	 0.222801
11.472	 32.5307	 4.77733	 0.222267
11.496	 32.6454	 4.78266	 0.221734
11.52	 32.7603	 4.78797	 0.221203
11.544	 32.8753	 4.79327	 0.220673
11.568	 32.9904	 4.79856	 0.220144
11.592	 33.1056	 4.80384	 0.219616
11.616	 33.221	 4.8091	 0.21909
11.64	 33.3364	 4.81436	 0.218564
11.664	 33.452	 4.8196	 0.21804
11.688	 33.5678	 4.82482	 0.217518
11.712	 33.6836	 4.83004	 0.216996
11.736	 33.7996	 4.83524	 0.216476
11.76	 33.9157	 4.84043	 0.215957
11.784	 34.032	 4.8456	 0.21544
11.808	 34.1483	 4.85077	 0.214923
11.832	 34.2648	 4.85592	 0.214408
11.856	 34.3814	 4.86106	 0.213894
11.88	 34.4981	 4.86619	 0.213381
11.904	 34.615	 4.8713	 0.21287
11.928	 34.7319	 4.87641	 0.212359
11.952	 34.849	 4.8815	 0.21185
11.976	 34.9663	 4.88657	 0.211343
