                ---  DERIVACIÓN NUMÉRICA  ---
Se muestran las derivadas de las posiciones y posteriormente de las velocidades hechas por métodos numéricos:
Tiempo  Posición  Velocidad  Aceleración
0		 0		 0.00839329	0.349161
0.024	 0.000201439	 0.0167731	 0.5233
0.048	 0.000805111	 0.0335117	 0.698688
0.072	 0.00181	 0.0503102	 0.695069
0.096	 0.00322	 0.066875	 0.687982
0.12	 0.00502	 0.0833333	 0.690104
0.144	 0.00722	 0.1	 0.694444
0.168	 0.00982	 0.116667	 0.690104
0.192	 0.01282	 0.133125	 0.685764
0.216	 0.01621	 0.149583	 0.685764
0.24	 0.02	 0.166042	 0.681424
0.264	 0.02418	 0.182292	 0.681424
0.288	 0.02875	 0.19875	 0.681424
0.312	 0.03372	 0.215	 0.677083
0.336	 0.03907	 0.23125	 0.681424
0.36	 0.04482	 0.247708	 0.677083
0.384	 0.05096	 0.26375	 0.668403
0.408	 0.05748	 0.279792	 0.668403
0.432	 0.06439	 0.295833	 0.672743
0.456	 0.07168	 0.312083	 0.672743
0.48	 0.07937	 0.328125	 0.664062
0.504	 0.08743	 0.343958	 0.664062
0.528	 0.09588	 0.36	 0.664062
0.552	 0.10471	 0.375833	 0.664062
0.576	 0.11392	 0.391875	 0.664062
0.6	 0.12352	 0.407708	 0.655382
0.624	 0.13349	 0.423333	 0.655382
0.648	 0.14384	 0.439167	 0.659722
0.672	 0.15457	 0.455	 0.655382
0.696	 0.16568	 0.470625	 0.651042
0.72	 0.17716	 0.48625	 0.651042
0.744	 0.18902	 0.501875	 0.651042
0.768	 0.20125	 0.5175	 0.651042
0.792	 0.21386	 0.533125	 0.646701
0.816	 0.22684	 0.548542	 0.642361
0.84	 0.24019	 0.563958	 0.642361
0.864	 0.25391	 0.579375	 0.642361
0.888	 0.268	 0.594792	 0.642361
0.912	 0.28246	 0.610208	 0.638021
0.936	 0.29729	 0.625417	 0.633681
0.96	 0.31248	 0.640625	 0.638021
0.984	 0.32804	 0.656042	 0.638021
1.008	 0.34397	 0.67125	 0.62934
1.032	 0.36026	 0.68625	 0.62934
1.056	 0.37691	 0.701458	 0.633681
1.08	 0.39393	 0.716667	 0.62934
1.104	 0.41131	 0.731667	 0.625
1.128	 0.42905	 0.746667	 0.625
1.152	 0.44715	 0.761667	 0.625
1.176	 0.46561	 0.776667	 0.625
1.2	 0.48443	 0.791667	 0.62066
1.224	 0.50361	 0.806458	 0.616319
1.248	 0.52314	 0.82125	 0.616319
1.272	 0.54303	 0.836042	 0.616319
1.296	 0.56327	 0.850833	 0.616319
1.32	 0.58387	 0.865625	 0.611979
1.344	 0.60482	 0.880208	 0.611979
1.368	 0.62612	 0.895	 0.616319
1.392	 0.64778	 0.909792	 0.607639
1.416	 0.66979	 0.924167	 0.603299
1.44	 0.69214	 0.93875	 0.607639
1.464	 0.71485	 0.953333	 0.603299
1.488	 0.7379	 0.967708	 0.603299
1.512	 0.7613	 0.982292	 0.603299
1.536	 0.78505	 0.996667	 0.598958
1.56	 0.80914	 1.01104	 0.598958
1.584	 0.83358	 1.02542	 0.598958
1.608	 0.85836	 1.03979	 0.598958
1.632	 0.88349	 1.05417	 0.594618
1.656	 0.90896	 1.06833	 0.590278
1.68	 0.93477	 1.0825	 0.590278
1.704	 0.96092	 1.09667	 0.590278
1.728	 0.98741	 1.11083	 0.590278
1.752	 1.01424	 1.125	 0.585937
1.776	 1.04141	 1.13896	 0.585937
1.8	 1.06891	 1.15312	 0.590278
1.824	 1.09676	 1.16729	 0.581597
1.848	 1.12494	 1.18104	 0.577257
1.872	 1.15345	 1.195	 0.581597
1.896	 1.1823	 1.20896	 0.581597
1.92	 1.21148	 1.22292	 0.577257
1.944	 1.241	 1.23667	 0.572917
1.968	 1.27084	 1.25042	 0.577257
1.992	 1.30102	 1.26437	 0.577257
2.016	 1.33153	 1.27812	 0.568576
2.04	 1.36237	 1.29167	 0.568576
2.064	 1.39353	 1.30542	 0.572917
2.088	 1.42503	 1.31917	 0.568576
2.112	 1.45685	 1.33271	 0.564236
2.136	 1.489	 1.34625	 0.564236
2.16	 1.52147	 1.35979	 0.564236
2.184	 1.55427	 1.37333	 0.564236
2.208	 1.58739	 1.38687	 0.564236
2.232	 1.62084	 1.40042	 0.559896
2.256	 1.65461	 1.41375	 0.555556
2.28	 1.6887	 1.42708	 0.555556
2.304	 1.72311	 1.44042	 0.555556
2.328	 1.75784	 1.45375	 0.555556
2.352	 1.79289	 1.46708	 0.555556
2.376	 1.82826	 1.48042	 0.555556
2.4	 1.86395	 1.49375	 0.551215
2.424	 1.89996	 1.50687	 0.542535
2.448	 1.93628	 1.51979	 0.546875
2.472	 1.97291	 1.53312	 0.551215
2.496	 2.00987	 1.54625	 0.542535
2.52	 2.04713	 1.55917	 0.542535
2.544	 2.08471	 1.57229	 0.546875
2.568	 2.1226	 1.58542	 0.542535
2.592	 2.16081	 1.59833	 0.538194
2.616	 2.19932	 1.61125	 0.538194
2.64	 2.23815	 1.62417	 0.538194
2.664	 2.27728	 1.63708	 0.538194
2.688	 2.31673	 1.65	 0.533854
2.712	 2.35648	 1.66271	 0.533854
2.736	 2.39654	 1.67562	 0.533854
2.76	 2.43691	 1.68833	 0.525174
2.784	 2.47758	 1.70083	 0.529514
2.808	 2.51855	 1.71375	 0.533854
2.832	 2.55984	 1.72646	 0.525174
2.856	 2.60142	 1.73896	 0.525174
2.88	 2.64331	 1.75167	 0.529514
2.904	 2.6855	 1.76437	 0.525174
2.928	 2.728	 1.77687	 0.516493
2.952	 2.77079	 1.78917	 0.520833
2.976	 2.81388	 1.80187	 0.525174
3	 2.85728	 1.81437	 0.516493
3.024	 2.90097	 1.82667	 0.512153
3.048	 2.94496	 1.83896	 0.516493
3.072	 2.98924	 1.85146	 0.520833
3.096	 3.03383	 1.86396	 0.512153
3.12	 3.07871	 1.87604	 0.507813
3.144	 3.12388	 1.88833	 0.512153
3.168	 3.16935	 1.90062	 0.512153
3.192	 3.21511	 1.91292	 0.512153
3.216	 3.26117	 1.92521	 0.507813
3.24	 3.30752	 1.93729	 0.503472
3.264	 3.35416	 1.94937	 0.503472
3.288	 3.40109	 1.96146	 0.503472
3.312	 3.44831	 1.97354	 0.503472
3.336	 3.49582	 1.98562	 0.499132
3.36	 3.54362	 1.9975	 0.499132
3.384	 3.5917	 2.00958	 0.503472
3.408	 3.64008	 2.02167	 0.499132
3.432	 3.68874	 2.03354	 0.494792
3.456	 3.73769	 2.04542	 0.494792
3.48	 3.78692	 2.05729	 0.494792
3.504	 3.83644	 2.06917	 0.494792
3.528	 3.88624	 2.08104	 0.490451
3.552	 3.93633	 2.09271	 0.486111
3.576	 3.98669	 2.10437	 0.490451
3.6	 4.03734	 2.11625	 0.494792
3.624	 4.08827	 2.12812	 0.490451
3.648	 4.13949	 2.13979	 0.481771
3.672	 4.19098	 2.15125	 0.481771
3.696	 4.24275	 2.16292	 0.481771
3.72	 4.2948	 2.17437	 0.481771
3.744	 4.34712	 2.18604	 0.486111
3.768	 4.39973	 2.19771	 0.481771
3.792	 4.45261	 2.20917	 0.477431
3.816	 4.50577	 2.22062	 0.477431
3.84	 4.5592	 2.23208	 0.477431
3.864	 4.61291	 2.24354	 0.47309
3.888	 4.66689	 2.25479	 0.47309
3.912	 4.72114	 2.26625	 0.477431
3.936	 4.77567	 2.27771	 0.47309
3.96	 4.83047	 2.28896	 0.46875
3.984	 4.88554	 2.30021	 0.46875
4.008	 4.94088	 2.31146	 0.46875
4.032	 4.99649	 2.32271	 0.46875
4.056	 5.05237	 2.33396	 0.46875
4.08	 5.10852	 2.34521	 0.46441
4.104	 5.16494	 2.35625	 0.46441
4.128	 5.22162	 2.3675	 0.46441
4.152	 5.27858	 2.37854	 0.460069
4.176	 5.33579	 2.38958	 0.46441
4.2	 5.39328	 2.40083	 0.460069
4.224	 5.45103	 2.41167	 0.455729
4.248	 5.50904	 2.42271	 0.455729
4.272	 5.56732	 2.43354	 0.455729
4.296	 5.62585	 2.44458	 0.460069
4.32	 5.68466	 2.45562	 0.451389
4.344	 5.74372	 2.46625	 0.451389
4.368	 5.80304	 2.47729	 0.460069
4.392	 5.86263	 2.48833	 0.451389
4.416	 5.92248	 2.49896	 0.442708
4.44	 5.98258	 2.50958	 0.447049
4.464	 6.04294	 2.52042	 0.451389
4.488	 6.10356	 2.53125	 0.451389
4.512	 6.16444	 2.54208	 0.447049
4.536	 6.22558	 2.55271	 0.442708
4.56	 6.28697	 2.56333	 0.442708
4.584	 6.34862	 2.57396	 0.438368
4.608	 6.41052	 2.58437	 0.438368
4.632	 6.47267	 2.595	 0.447049
4.656	 6.53508	 2.60583	 0.442708
4.68	 6.59775	 2.61625	 0.434028
4.704	 6.66066	 2.62667	 0.438368
4.728	 6.72383	 2.63729	 0.438368
4.752	 6.78725	 2.64771	 0.434028
4.776	 6.85092	 2.65812	 0.434028
4.8	 6.91484	 2.66854	 0.429688
4.824	 6.97901	 2.67875	 0.429688
4.848	 7.04342	 2.68917	 0.434028
4.872	 7.10809	 2.69958	 0.434028
4.896	 7.173	 2.71	 0.429687
4.92	 7.23817	 2.72021	 0.425347
4.944	 7.30357	 2.73042	 0.429688
4.968	 7.36923	 2.74083	 0.425347
4.992	 7.43513	 2.75083	 0.421007
5.016	 7.50127	 2.76104	 0.425347
5.04	 7.56766	 2.77125	 0.421007
5.064	 7.63429	 2.78125	 0.421007
5.088	 7.70116	 2.79146	 0.425347
5.112	 7.76828	 2.80167	 0.421007
5.136	 7.83564	 2.81167	 0.416667
5.16	 7.90324	 2.82167	 0.416667
5.184	 7.97108	 2.83167	 0.416667
5.208	 8.03916	 2.84167	 0.416667
5.232	 8.10748	 2.85167	 0.416667
5.256	 8.17604	 2.86167	 0.412326
5.28	 8.24484	 2.87146	 0.407986
5.304	 8.31387	 2.88125	 0.412326
5.328	 8.38314	 2.89125	 0.416667
5.352	 8.45265	 2.90125	 0.412326
5.376	 8.5224	 2.91104	 0.403646
5.4	 8.59238	 2.92062	 0.403646
5.424	 8.66259	 2.93042	 0.412326
5.448	 8.73304	 2.94042	 0.407986
5.472	 8.80373	 2.95	 0.399306
5.496	 8.87464	 2.95958	 0.407986
5.52	 8.94579	 2.96958	 0.407986
5.544	 9.01718	 2.97917	 0.394965
5.568	 9.08879	 2.98854	 0.399306
5.592	 9.16063	 2.99833	 0.407986
5.616	 9.23271	 3.00812	 0.399306
5.64	 9.30502	 3.0175	 0.390625
5.664	 9.37755	 3.02687	 0.399306
5.688	 9.45031	 3.03667	 0.399306
5.712	 9.52331	 3.04604	 0.390625
5.736	 9.59652	 3.05542	 0.394965
5.76	 9.66997	 3.065	 0.394965
5.784	 9.74364	 3.07437	 0.394965
5.808	 9.81754	 3.08396	 0.394965
5.832	 9.89167	 3.09333	 0.386285
5.856	 9.96602	 3.1025	 0.386285
5.88	 10.0406	 3.11187	 0.390625
5.904	 10.1154	 3.12125	 0.390625
5.928	 10.1904	 3.13062	 0.390625
5.952	 10.2657	 3.14	 0.381944
5.976	 10.3411	 3.14896	 0.377604
6	 10.4168	 3.15812	 0.390625
6.024	 10.4927	 3.16771	 0.390625
6.048	 10.5689	 3.17687	 0.377604
6.072	 10.6452	 3.18583	 0.377604
6.096	 10.7218	 3.195	 0.381944
6.12	 10.7986	 3.20417	 0.377604
6.144	 10.8756	 3.21312	 0.377604
6.168	 10.9528	 3.22229	 0.381944
6.192	 11.0303	 3.23146	 0.377604
6.216	 11.1079	 3.24042	 0.373264
6.24	 11.1858	 3.24937	 0.373264
6.264	 11.2639	 3.25833	 0.377604
6.288	 11.3422	 3.2675	 0.373264
6.312	 11.4207	 3.27625	 0.368924
6.336	 11.4994	 3.28521	 0.373264
6.36	 11.5784	 3.29417	 0.368924
6.384	 11.6576	 3.30292	 0.368924
6.408	 11.737	 3.31187	 0.373264
6.432	 11.8165	 3.32083	 0.368924
6.456	 11.8963	 3.32958	 0.364583
6.48	 11.9764	 3.33833	 0.368924
6.504	 12.0566	 3.34729	 0.364583
6.528	 12.137	 3.35583	 0.360243
6.552	 12.2177	 3.36458	 0.364583
6.576	 12.2985	 3.37333	 0.364583
6.6	 12.3796	 3.38208	 0.364583
6.624	 12.4609	 3.39083	 0.360243
6.648	 12.5424	 3.39937	 0.355903
6.672	 12.624	 3.40792	 0.355903
6.696	 12.7059	 3.41646	 0.360243
6.72	 12.788	 3.42521	 0.360243
6.744	 12.8703	 3.43375	 0.355903
6.768	 12.9528	 3.44229	 0.355903
6.792	 13.0356	 3.45083	 0.355903
6.816	 13.1185	 3.45937	 0.355903
6.84	 13.2016	 3.46792	 0.351562
6.864	 13.285	 3.47625	 0.351562
6.888	 13.3685	 3.48479	 0.351562
6.912	 13.4522	 3.49312	 0.347222
6.936	 13.5361	 3.50146	 0.351563
6.96	 13.6203	 3.51	 0.351562
6.984	 13.7046	 3.51833	 0.347222
7.008	 13.7892	 3.52667	 0.347222
7.032	 13.8739	 3.535	 0.347222
7.056	 13.9588	 3.54333	 0.347222
7.08	 14.044	 3.55167	 0.347222
7.104	 14.1293	 3.56	 0.342882
7.128	 14.2149	 3.56812	 0.338542
7.152	 14.3006	 3.57625	 0.342882
7.176	 14.3865	 3.58458	 0.342882
7.2	 14.4727	 3.59271	 0.338542
7.224	 14.559	 3.60083	 0.342882
7.248	 14.6455	 3.60917	 0.342882
7.272	 14.7322	 3.61729	 0.334201
7.296	 14.8191	 3.62521	 0.334201
7.32	 14.9062	 3.63333	 0.338542
7.344	 14.9935	 3.64146	 0.334201
7.368	 15.081	 3.64937	 0.334201
7.392	 15.1687	 3.6575	 0.338542
7.416	 15.2566	 3.66562	 0.334201
7.44	 15.3446	 3.67354	 0.329861
7.464	 15.4329	 3.68146	 0.329861
7.488	 15.5214	 3.68937	 0.334201
7.512	 15.61	 3.6975	 0.334201
7.536	 15.6988	 3.70542	 0.325521
7.56	 15.7879	 3.71312	 0.325521
7.584	 15.8771	 3.72104	 0.329861
7.608	 15.9665	 3.72896	 0.329861
7.632	 16.0561	 3.73687	 0.325521
7.656	 16.1458	 3.74458	 0.321181
7.68	 16.2358	 3.75229	 0.325521
7.704	 16.3259	 3.76021	 0.329861
7.728	 16.4163	 3.76812	 0.325521
7.752	 16.5068	 3.77583	 0.31684
7.776	 16.5975	 3.78333	 0.31684
7.8	 16.6884	 3.79104	 0.325521
7.824	 16.7795	 3.79896	 0.321181
7.848	 16.8708	 3.80646	 0.31684
7.872	 16.9622	 3.81417	 0.321181
7.896	 17.0539	 3.82187	 0.31684
7.92	 17.1457	 3.82937	 0.31684
7.944	 17.2377	 3.83708	 0.31684
7.968	 17.3298	 3.84458	 0.3125
7.992	 17.4222	 3.85208	 0.31684
8.016	 17.5147	 3.85979	 0.31684
8.04	 17.6075	 3.86729	 0.3125
8.064	 17.7004	 3.87479	 0.3125
8.088	 17.7935	 3.88229	 0.30816
8.112	 17.8867	 3.88958	 0.30816
8.136	 17.9802	 3.89708	 0.3125
8.16	 18.0738	 3.90458	 0.3125
8.184	 18.1676	 3.91208	 0.3125
8.208	 18.2616	 3.91958	 0.30816
8.232	 18.3557	 3.92687	 0.303819
8.256	 18.4501	 3.93417	 0.303819
8.28	 18.5446	 3.94146	 0.303819
8.304	 18.6392	 3.94875	 0.30816
8.328	 18.7341	 3.95625	 0.30816
8.352	 18.8291	 3.96354	 0.303819
8.376	 18.9244	 3.97083	 0.303819
8.4	 19.0197	 3.97812	 0.299479
8.424	 19.1153	 3.98521	 0.299479
8.448	 19.211	 3.9925	 0.303819
8.472	 19.3069	 3.99979	 0.299479
8.496	 19.403	 4.00687	 0.295139
8.52	 19.4993	 4.01396	 0.299479
8.544	 19.5957	 4.02125	 0.299479
8.568	 19.6923	 4.02833	 0.295139
8.592	 19.789	 4.03542	 0.299479
8.616	 19.886	 4.04271	 0.295139
8.64	 19.9831	 4.04958	 0.290799
8.664	 20.0804	 4.05667	 0.299479
8.688	 20.1778	 4.06396	 0.295139
8.712	 20.2754	 4.07083	 0.290799
8.736	 20.3732	 4.07792	 0.295139
8.76	 20.4712	 4.085	 0.290799
8.784	 20.5693	 4.09187	 0.286458
8.808	 20.6676	 4.09875	 0.286458
8.832	 20.766	 4.10562	 0.290799
8.856	 20.8647	 4.11271	 0.295139
8.88	 20.9635	 4.11979	 0.290799
8.904	 21.0624	 4.12667	 0.282118
8.928	 21.1615	 4.13333	 0.282118
8.952	 21.2608	 4.14021	 0.290799
8.976	 21.3603	 4.14729	 0.286458
9	 21.4599	 4.15396	 0.282118
9.024	 21.5597	 4.16083	 0.286458
9.048	 21.6596	 4.16771	 0.282118
9.072	 21.7597	 4.17437	 0.282118
9.096	 21.86	 4.18125	 0.282118
9.12	 21.9604	 4.18792	 0.277778
9.144	 22.061	 4.19458	 0.282118
9.168	 22.1617	 4.20146	 0.282118
9.192	 22.2627	 4.20812	 0.277778
9.216	 22.3637	 4.21479	 0.282118
9.24	 22.465	 4.22167	 0.277778
9.264	 22.5664	 4.22812	 0.273438
9.288	 22.6679	 4.23479	 0.277778
9.312	 22.7696	 4.24146	 0.273438
9.336	 22.8715	 4.24792	 0.273437
9.36	 22.9735	 4.25458	 0.277778
9.384	 23.0757	 4.26125	 0.277778
9.408	 23.1781	 4.26792	 0.273437
9.432	 23.2806	 4.27437	 0.269097
9.456	 23.3833	 4.28083	 0.273438
9.48	 23.4861	 4.2875	 0.273437
9.504	 23.5891	 4.29396	 0.264757
9.528	 23.6922	 4.30021	 0.269097
9.552	 23.7955	 4.30687	 0.273438
9.576	 23.8989	 4.31333	 0.264757
9.6	 24.0025	 4.31958	 0.269097
9.624	 24.1062	 4.32625	 0.273438
9.648	 24.2102	 4.33271	 0.264757
9.672	 24.3142	 4.33896	 0.260417
9.696	 24.4184	 4.34521	 0.264757
9.72	 24.5228	 4.35167	 0.269097
9.744	 24.6273	 4.35812	 0.264757
9.768	 24.732	 4.36437	 0.264757
9.792	 24.8368	 4.37083	 0.264757
9.816	 24.9418	 4.37708	 0.256076
9.84	 25.0469	 4.38312	 0.260417
9.864	 25.1522	 4.38958	 0.264757
9.888	 25.2576	 4.39583	 0.260417
9.912	 25.3632	 4.40208	 0.260417
9.936	 25.4689	 4.40833	 0.260417
9.96	 25.5748	 4.41458	 0.260417
9.984	 25.6808	 4.42083	 0.256076
10.008	 25.787	 4.42687	 0.256076
10.032	 25.8933	 4.43312	 0.256076
10.056	 25.9998	 4.43917	 0.251736
10.08	 26.1064	 4.44521	 0.256076
10.104	 26.2131	 4.45146	 0.260417
10.128	 26.32	 4.45771	 0.256076
10.152	 26.4271	 4.46375	 0.251736
10.176	 26.5343	 4.46979	 0.251736
10.2	 26.6416	 4.47583	 0.251736
10.224	 26.7491	 4.48187	 0.251736
10.248	 26.8568	 4.48792	 0.251736
10.272	 26.9646	 4.49396	 0.251736
10.296	 27.0725	 4.5	 0.247396
10.32	 27.1806	 4.50583	 0.247396
10.344	 27.2888	 4.51187	 0.251736
10.368	 27.3971	 4.51792	 0.247396
10.392	 27.5056	 4.52375	 0.247396
10.416	 27.6143	 4.52979	 0.251736
10.44	 27.7231	 4.53583	 0.243056
10.464	 27.832	 4.54146	 0.243056
10.488	 27.9411	 4.5475	 0.251736
10.512	 28.0503	 4.55354	 0.243056
10.536	 28.1596	 4.55917	 0.238715
10.56	 28.2691	 4.565	 0.243056
10.584	 28.3787	 4.57083	 0.243056
10.608	 28.4885	 4.57667	 0.247396
10.632	 28.5984	 4.58271	 0.247396
10.656	 28.7085	 4.58854	 0.234375
10.68	 28.8187	 4.59396	 0.234375
10.704	 28.929	 4.59979	 0.247396
10.728	 29.0395	 4.60583	 0.243056
10.752	 29.1501	 4.61146	 0.234375
10.776	 29.2608	 4.61708	 0.234375
10.8	 29.3717	 4.62271	 0.238715
10.824	 29.4827	 4.62854	 0.243056
10.848	 29.5939	 4.63437	 0.234375
10.872	 29.7051	 4.63979	 0.230035
10.896	 29.8166	 4.64542	 0.238715
10.92	 29.9281	 4.65125	 0.238715
10.944	 30.0398	 4.65687	 0.230035
10.968	 30.1517	 4.66229	 0.230035
10.992	 30.2636	 4.66792	 0.238715
11.016	 30.3757	 4.67375	 0.238715
11.04	 30.488	 4.67937	 0.230035
11.064	 30.6003	 4.68479	 0.225694
11.088	 30.7128	 4.69021	 0.230035
11.112	 30.8255	 4.69583	 0.234375
11.136	 30.9382	 4.70146	 0.230035
11.16	 31.0511	 4.70687	 0.225694
11.184	 31.1642	 4.71229	 0.230035
11.208	 31.2773	 4.71792	 0.230035
11.232	 31.3906	 4.72333	 0.225694
11.256	 31.504	 4.72875	 0.225694
11.28	 31.6176	 4.73417	 0.225694
11.304	 31.7313	 4.73958	 0.230035
11.328	 31.8451	 4.74521	 0.230035
11.352	 31.9591	 4.75062	 0.221354
11.376	 32.0731	 4.75583	 0.221354
11.4	 32.1873	 4.76125	 0.225694
11.424	 32.3017	 4.76667	 0.221354
11.448	 32.4161	 4.77187	 0.221354
11.472	 32.5307	 4.77729	 0.225694
11.496	 32.6454	 4.78271	 0.221354
11.52	 32.7603	 4.78792	 0.221354
11.544	 32.8753	 4.79333	 0.221354
11.568	 32.9904	 4.79854	 0.217014
11.592	 33.1056	 4.80375	 0.221354
11.616	 33.221	 4.80917	 0.221354
11.64	 33.3364	 4.81437	 0.217014
11.664	 33.452	 4.81958	 0.217014
11.688	 33.5678	 4.82479	 0.217014
11.712	 33.6836	 4.83	 0.217014
11.736	 33.7996	 4.83521	 0.217014
11.76	 33.9157	 4.84042	 0.217014
11.784	 34.032	 4.84562	 0.217014
11.808	 34.1483	 4.85083	 0.217014
11.832	 34.2648	 4.85604	 0.212674
11.856	 34.3814	 4.86104	 0.208333
11.88	 34.4981	 4.86604	 0.212674
11.904	 34.615	 4.87125	 0.217014
11.928	 34.7319	 4.87646	 0.217014
11.952	 34.849	 4.88167	 0.16059
11.976	 34.9663	 4.88417	 0.104167
