r	u(DF)	u(exacta)	error
5	110	110	0
5.02	109.125	109.124	0.001746
5.04	108.257	108.254	0.00347815
5.06	107.397	107.391	0.0051966
5.08	106.542	106.535	0.00690153
5.1	105.695	105.686	0.00859308
5.12	104.854	104.844	0.0102714
5.14	104.02	104.008	0.0119367
5.16	103.192	103.178	0.0135891
5.18	102.37	102.355	0.0152287
5.2	101.555	101.538	0.0168557
5.22	100.746	100.728	0.0184702
5.24	99.9437	99.9237	0.0200724
5.26	99.1471	99.1255	0.0216624
5.28	98.3566	98.3333	0.0232404
5.3	97.572	97.5472	0.0248064
5.32	96.7933	96.7669	0.0263607
5.34	96.0204	95.9925	0.0279034
5.36	95.2533	95.2239	0.0294345
5.38	94.4919	94.461	0.0309542
5.4	93.7362	93.7037	0.0324627
5.42	92.986	92.952	0.0339601
5.44	92.2413	92.2059	0.0354464
5.46	91.5021	91.4652	0.0369219
5.48	90.7683	90.7299	0.0383866
5.5	90.0398	90	0.0398406
5.52	89.3166	89.2754	0.0412841
5.54	88.5987	88.556	0.0427172
5.56	87.8859	87.8417	0.04414
5.58	87.1782	87.1326	0.0455526
5.6	86.4755	86.4286	0.046955
5.62	85.7779	85.7295	0.0483475
5.64	85.0852	85.0355	0.0497302
5.66	84.3974	84.3463	0.051103
5.68	83.7144	83.662	0.0524662
5.7	83.0363	82.9825	0.0538198
5.72	82.3629	82.3077	0.055164
5.74	81.6941	81.6376	0.0564987
5.76	81.03	80.9722	0.0578243
5.78	80.3706	80.3114	0.0591406
5.8	79.7156	79.6552	0.0604479
5.82	79.0652	79.0034	0.0617461
5.84	78.4192	78.3562	0.0630355
5.86	77.7776	77.7133	0.0643161
5.88	77.1404	77.0748	0.065588
5.9	76.5075	76.4407	0.0668512
5.92	75.8789	75.8108	0.068106
5.94	75.2545	75.1852	0.0693522
5.96	74.6343	74.5638	0.0705901
5.98	74.0183	73.9465	0.0718197
6	73.4064	73.3333	0.0730412
6.02	72.7985	72.7243	0.0742545
6.04	72.1947	72.1192	0.0754598
6.06	71.5948	71.5182	0.0766571
6.08	70.9989	70.9211	0.0778465
6.1	70.4069	70.3279	0.0790281
6.12	69.8188	69.7386	0.0802021
6.14	69.2345	69.1531	0.0813683
6.16	68.654	68.5714	0.082527
6.18	68.0772	67.9935	0.0836782
6.2	67.5042	67.4194	0.084822
6.22	66.9348	66.8489	0.0859584
6.24	66.3691	66.2821	0.0870875
6.26	65.8071	65.7188	0.0882095
6.28	65.2486	65.1592	0.0893242
6.3	64.6936	64.6032	0.0904319
6.32	64.1422	64.0506	0.0915326
6.34	63.5942	63.5016	0.0926263
6.36	63.0497	62.956	0.0937132
6.38	62.5086	62.4138	0.0947932
6.4	61.9709	61.875	0.0958665
6.42	61.4365	61.3396	0.0969331
6.44	60.9054	60.8075	0.0979931
6.46	60.3777	60.2786	0.0990465
6.48	59.8532	59.7531	0.100093
6.5	59.3319	59.2308	0.101134
6.52	58.8138	58.7117	0.102168
6.54	58.2989	58.1957	0.103196
6.56	57.7871	57.6829	0.104217
6.58	57.2785	57.1733	0.105233
6.6	56.7729	56.6667	0.106242
6.62	56.2704	56.1631	0.107245
6.64	55.7709	55.6627	0.108242
6.66	55.2744	55.1652	0.109233
6.68	54.7809	54.6707	0.110218
6.7	54.2903	54.1791	0.111197
6.72	53.8026	53.6905	0.11217
6.74	53.3179	53.2047	0.113138
6.76	52.836	52.7219	0.1141
6.78	52.3569	52.2419	0.115056
6.8	51.8807	51.7647	0.116007
6.82	51.4073	51.2903	0.116952
6.84	50.9366	50.8187	0.117891
6.86	50.4687	50.3499	0.118825
6.88	50.0035	49.8837	0.119754
6.9	49.541	49.4203	0.120677
6.92	49.0811	48.9595	0.121595
6.94	48.6239	48.5014	0.122507
6.96	48.1694	48.046	0.123414
6.98	47.7174	47.5931	0.124316
7	47.2681	47.1429	0.125213
7.02	46.8213	46.6952	0.126105
7.04	46.377	46.25	0.126992
7.06	45.9352	45.8074	0.127874
7.08	45.496	45.3672	0.128751
7.1	45.0592	44.9296	0.129622
7.12	44.6249	44.4944	0.130489
7.14	44.193	44.0616	0.131351
7.16	43.7635	43.6313	0.132209
7.18	43.3364	43.2033	0.133061
7.2	42.9117	42.7778	0.133909
7.22	42.4893	42.3546	0.134752
7.24	42.0693	41.9337	0.13559
7.26	41.6516	41.5152	0.136424
7.28	41.2362	41.0989	0.137253
7.3	40.823	40.6849	0.138078
7.32	40.4121	40.2732	0.138898
7.34	40.0035	39.8638	0.139714
7.36	39.597	39.4565	0.140525
7.38	39.1928	39.0515	0.141332
7.4	38.7908	38.6486	0.142134
7.42	38.3909	38.248	0.142932
7.44	37.9932	37.8495	0.143726
7.46	37.5976	37.4531	0.144516
7.48	37.2041	37.0588	0.145301
7.5	36.8127	36.6667	0.146082
7.52	36.4235	36.2766	0.146859
7.54	36.0362	35.8886	0.147632
7.56	35.651	35.5026	0.148401
7.58	35.2679	35.1187	0.149166
7.6	34.8868	34.7368	0.149927
7.62	34.5076	34.357	0.150683
7.64	34.1305	33.9791	0.151436
7.66	33.7553	33.6031	0.152185
7.68	33.3821	33.2292	0.15293
7.7	33.0108	32.8571	0.153671
7.72	32.6415	32.487	0.154408
7.74	32.274	32.1189	0.155142
7.76	31.9084	31.7526	0.155871
7.78	31.5448	31.3882	0.156597
7.8	31.183	31.0256	0.157319
7.82	30.823	30.665	0.158038
7.84	30.4649	30.3061	0.158753
7.86	30.1086	29.9491	0.159464
7.88	29.7541	29.5939	0.160171
7.9	29.4014	29.2405	0.160875
7.92	29.0505	28.8889	0.161576
7.94	28.7013	28.539	0.162273
7.96	28.3539	28.191	0.162966
7.98	28.0083	27.8446	0.163656
8	27.6643	27.5	0.164343
8.02	27.3221	27.1571	0.165026
8.04	26.9816	26.8159	0.165705
8.06	26.6428	26.4764	0.166382
8.08	26.3057	26.1386	0.167055
8.1	25.9702	25.8025	0.167724
8.12	25.6364	25.468	0.16839
8.14	25.3042	25.1351	0.169054
8.16	24.9736	24.8039	0.169713
8.18	24.6447	24.4743	0.17037
8.2	24.3174	24.1463	0.171023
8.22	23.9916	23.82	0.171673
8.24	23.6675	23.4951	0.17232
8.26	23.3449	23.1719	0.172964
8.28	23.0238	22.8502	0.173605
8.3	22.7044	22.5301	0.174243
8.32	22.3864	22.2115	0.174877
8.34	22.07	21.8945	0.175509
8.36	21.7551	21.5789	0.176138
8.38	21.4417	21.2649	0.176763
8.4	21.1298	20.9524	0.177386
8.42	20.8193	20.6413	0.178005
8.44	20.5104	20.3318	0.178622
8.46	20.2029	20.0236	0.179236
8.48	19.8968	19.717	0.179847
8.5	19.5922	19.4118	0.180455
8.52	19.289	19.108	0.18106
8.54	18.9873	18.8056	0.181662
8.56	18.6869	18.5047	0.182262
8.58	18.388	18.2051	0.182858
8.6	18.0904	17.907	0.183452
8.62	17.7943	17.6102	0.184043
8.64	17.4994	17.3148	0.184632
8.66	17.206	17.0208	0.185218
8.68	16.9139	16.7281	0.185801
8.7	16.6232	16.4368	0.186381
8.72	16.3337	16.1468	0.186959
8.74	16.0457	15.8581	0.187534
8.76	15.7589	15.5708	0.188106
8.78	15.4734	15.2847	0.188676
8.8	15.1892	15	0.189243
8.82	14.9064	14.7166	0.189808
8.84	14.6248	14.4344	0.19037
8.86	14.3444	14.1535	0.190929
8.88	14.0654	13.8739	0.191486
8.9	13.7875	13.5955	0.192041
8.92	13.511	13.3184	0.192593
8.94	13.2356	13.0425	0.193142
8.96	12.9615	12.7679	0.19369
8.98	12.6887	12.4944	0.194234
9	12.417	12.2222	0.194776
9.02	12.1465	11.9512	0.195316
9.04	11.8773	11.6814	0.195854
9.06	11.6092	11.4128	0.196389
9.08	11.3423	11.1454	0.196922
9.1	11.0766	10.8791	0.197452
9.12	10.812	10.614	0.19798
9.14	10.5486	10.3501	0.198506
9.16	10.2864	10.0873	0.199029
9.18	10.0253	9.82571	0.19955
9.2	9.76529	9.56522	0.200069
9.22	9.50644	9.30586	0.200586
9.24	9.24872	9.04762	0.2011
9.26	8.99211	8.7905	0.201613
9.28	8.73661	8.53448	0.202123
9.3	8.4822	8.27957	0.20263
9.32	8.22889	8.02575	0.203136
9.34	7.97666	7.77302	0.203639
9.36	7.72551	7.52137	0.204141
9.38	7.47543	7.27079	0.20464
9.4	7.22641	7.02128	0.205137
9.42	6.97846	6.77282	0.205632
9.44	6.73155	6.52542	0.206125
9.46	6.48569	6.27907	0.206615
9.48	6.24086	6.03376	0.207104
9.5	5.99706	5.78947	0.207591
9.52	5.75429	5.54622	0.208075
9.54	5.51254	5.30398	0.208558
9.56	5.2718	5.06276	0.209038
9.58	5.03206	4.82255	0.209517
9.6	4.79333	4.58333	0.209993
9.62	4.55558	4.34511	0.210468
9.64	4.31882	4.10788	0.21094
9.66	4.08305	3.87164	0.211411
9.68	3.84824	3.63636	0.21188
9.7	3.61441	3.40206	0.212346
9.72	3.38154	3.16872	0.212811
9.74	3.14962	2.93634	0.213274
9.76	2.91865	2.70492	0.213735
9.78	2.68863	2.47444	0.214194
9.8	2.45955	2.2449	0.214652
9.82	2.2314	2.01629	0.215107
9.84	2.00418	1.78862	0.215561
9.86	1.77788	1.56187	0.216012
9.88	1.55249	1.33603	0.216462
9.9	1.32802	1.11111	0.21691
9.92	1.10445	0.887097	0.217356
9.94	0.881785	0.663984	0.217801
9.96	0.660011	0.441767	0.218243
9.98	0.439125	0.220441	0.218684
10	0	0	0
