#DATOS PARA h=0.005
ro		Función		FunciónReal		Error
5    50    50    0
5.005    49.954    49.928    0.025655
5.01    49.907    49.856    0.051227
5.015    49.861    49.784    0.076715
5.02    49.814    49.712    0.10212
5.025    49.768    49.64    0.12744
5.03    49.721    49.568    0.15268
5.035    49.675    49.497    0.17784
5.04    49.628    49.425    0.20291
5.045    49.582    49.354    0.2279
5.05    49.535    49.282    0.25281
5.055    49.488    49.211    0.27764
5.06    49.442    49.14    0.30238
5.065    49.395    49.068    0.32705
5.07    49.349    48.997    0.35163
5.075    49.302    48.926    0.37613
5.08    49.256    48.855    0.40055
5.085    49.209    48.784    0.42489
5.09    49.162    48.713    0.44914
5.095    49.116    48.642    0.47332
5.1    49.069    48.572    0.49741
5.105    49.022    48.501    0.52143
5.11    48.976    48.43    0.54536
5.115    48.929    48.36    0.56922
5.12    48.882    48.289    0.59299
5.125    48.835    48.219    0.61669
5.13    48.789    48.148    0.6403
5.135    48.742    48.078    0.66384
5.14    48.695    48.008    0.68729
5.145    48.649    47.938    0.71067
5.15    48.602    47.868    0.73397
5.155    48.555    47.798    0.75718
5.16    48.508    47.728    0.78032
5.165    48.461    47.658    0.80339
5.17    48.415    47.588    0.82637
5.175    48.368    47.518    0.84927
5.18    48.321    47.449    0.8721
5.185    48.274    47.379    0.89485
5.19    48.227    47.31    0.91752
5.195    48.18    47.24    0.94011
5.2    48.133    47.171    0.96262
5.205    48.087    47.101    0.98506
5.21    48.04    47.032    1.0074
5.215    47.993    46.963    1.0297
5.22    47.946    46.894    1.0519
5.225    47.899    46.825    1.074
5.23    47.852    46.756    1.0961
5.235    47.805    46.687    1.1181
5.24    47.758    46.618    1.14
5.245    47.711    46.549    1.1618
5.25    47.664    46.481    1.1835
5.255    47.617    46.412    1.2052
5.26    47.57    46.343    1.2268
5.265    47.523    46.275    1.2483
5.27    47.476    46.206    1.2698
5.275    47.429    46.138    1.2911
5.28    47.382    46.07    1.3124
5.285    47.335    46.001    1.3337
5.29    47.288    45.933    1.3548
5.295    47.241    45.865    1.3759
5.3    47.194    45.797    1.3969
5.305    47.147    45.729    1.4178
5.31    47.099    45.661    1.4386
5.315    47.052    45.593    1.4594
5.32    47.005    45.525    1.4801
5.325    46.958    45.457    1.5007
5.33    46.911    45.39    1.5213
5.335    46.864    45.322    1.5417
5.34    46.817    45.254    1.5621
5.345    46.769    45.187    1.5825
5.35    46.722    45.119    1.6027
5.355    46.675    45.052    1.6229
5.36    46.628    44.985    1.643
5.365    46.581    44.917    1.6631
5.37    46.533    44.85    1.683
5.375    46.486    44.783    1.7029
5.38    46.439    44.716    1.7227
5.385    46.392    44.649    1.7425
5.39    46.344    44.582    1.7621
5.395    46.297    44.515    1.7817
5.4    46.25    44.448    1.8013
5.405    46.202    44.382    1.8207
5.41    46.155    44.315    1.8401
5.415    46.108    44.248    1.8594
5.42    46.06    44.182    1.8787
5.425    46.013    44.115    1.8979
5.43    45.966    44.049    1.917
5.435    45.918    43.982    1.936
5.44    45.871    43.916    1.9549
5.445    45.824    43.85    1.9738
5.45    45.776    43.784    1.9926
5.455    45.729    43.717    2.0114
5.46    45.681    43.651    2.0301
5.465    45.634    43.585    2.0487
5.47    45.587    43.519    2.0672
5.475    45.539    43.453    2.0857
5.48    45.492    43.388    2.1041
5.485    45.444    43.322    2.1224
5.49    45.397    43.256    2.1407
5.495    45.349    43.19    2.1588
5.5    45.302    43.125    2.177
5.505    45.254    43.059    2.195
5.51    45.207    42.994    2.213
5.515    45.159    42.928    2.2309
5.52    45.112    42.863    2.2488
5.525    45.064    42.798    2.2665
5.53    45.017    42.732    2.2842
5.535    44.969    42.667    2.3019
5.54    44.922    42.602    2.3194
5.545    44.874    42.537    2.3369
5.55    44.826    42.472    2.3544
5.555    44.779    42.407    2.3717
5.56    44.731    42.342    2.389
5.565    44.684    42.277    2.4063
5.57    44.636    42.213    2.4234
5.575    44.588    42.148    2.4405
5.58    44.541    42.083    2.4575
5.585    44.493    42.019    2.4745
5.59    44.445    41.954    2.4914
5.595    44.398    41.889    2.5082
5.6    44.35    41.825    2.525
5.605    44.302    41.761    2.5417
5.61    44.255    41.696    2.5583
5.615    44.207    41.632    2.5748
5.62    44.159    41.568    2.5913
5.625    44.112    41.504    2.6078
5.63    44.064    41.44    2.6241
5.635    44.016    41.376    2.6404
5.64    43.968    41.312    2.6566
5.645    43.921    41.248    2.6728
5.65    43.873    41.184    2.6889
5.655    43.825    41.12    2.7049
5.66    43.777    41.056    2.7209
5.665    43.729    40.993    2.7368
5.67    43.682    40.929    2.7526
5.675    43.634    40.865    2.7684
5.68    43.586    40.802    2.7841
5.685    43.538    40.738    2.7997
5.69    43.49    40.675    2.8153
5.695    43.442    40.612    2.8308
5.7    43.395    40.548    2.8463
5.705    43.347    40.485    2.8616
5.71    43.299    40.422    2.877
5.715    43.251    40.359    2.8922
5.72    43.203    40.296    2.9074
5.725    43.155    40.233    2.9225
5.73    43.107    40.17    2.9376
5.735    43.059    40.107    2.9526
5.74    43.011    40.044    2.9675
5.745    42.963    39.981    2.9824
5.75    42.915    39.918    2.9972
5.755    42.868    39.856    3.0119
5.76    42.82    39.793    3.0266
5.765    42.772    39.73    3.0412
5.77    42.724    39.668    3.0558
5.775    42.676    39.605    3.0703
5.78    42.628    39.543    3.0847
5.785    42.58    39.481    3.0991
5.79    42.532    39.418    3.1134
5.795    42.484    39.356    3.1276
5.8    42.436    39.294    3.1418
5.805    42.388    39.232    3.1559
5.81    42.339    39.169    3.17
5.815    42.291    39.107    3.1839
5.82    42.243    39.045    3.1979
5.825    42.195    38.984    3.2117
5.83    42.147    38.922    3.2255
5.835    42.099    38.86    3.2393
5.84    42.051    38.798    3.253
5.845    42.003    38.736    3.2666
5.85    41.955    38.675    3.2802
5.855    41.907    38.613    3.2937
5.86    41.858    38.551    3.3071
5.865    41.81    38.49    3.3205
5.87    41.762    38.428    3.3338
5.875    41.714    38.367    3.347
5.88    41.666    38.306    3.3602
5.885    41.618    38.244    3.3734
5.89    41.569    38.183    3.3864
5.895    41.521    38.122    3.3994
5.9    41.473    38.061    3.4124
5.905    41.425    38    3.4253
5.91    41.377    37.938    3.4381
5.915    41.328    37.877    3.4509
5.92    41.28    37.817    3.4636
5.925    41.232    37.756    3.4763
5.93    41.184    37.695    3.4889
5.935    41.135    37.634    3.5014
5.94    41.087    37.573    3.5139
5.945    41.039    37.513    3.5263
5.95    40.991    37.452    3.5386
5.955    40.942    37.391    3.5509
5.96    40.894    37.331    3.5632
5.965    40.846    37.27    3.5754
5.97    40.797    37.21    3.5875
5.975    40.749    37.149    3.5995
5.98    40.701    37.089    3.6115
5.985    40.652    37.029    3.6235
5.99    40.604    36.969    3.6354
5.995    40.556    36.908    3.6472
6    40.507    36.848    3.659
6.005    40.459    36.788    3.6707
6.01    40.41    36.728    3.6823
6.015    40.362    36.668    3.6939
6.02    40.314    36.608    3.7055
6.025    40.265    36.548    3.7169
6.03    40.217    36.489    3.7284
6.035    40.168    36.429    3.7397
6.04    40.12    36.369    3.751
6.045    40.072    36.309    3.7623
6.05    40.023    36.25    3.7735
6.055    39.975    36.19    3.7846
6.06    39.926    36.131    3.7957
6.065    39.878    36.071    3.8067
6.07    39.829    36.012    3.8177
6.075    39.781    35.952    3.8286
6.08    39.732    35.893    3.8394
6.085    39.684    35.834    3.8502
6.09    39.635    35.774    3.8609
6.095    39.587    35.715    3.8716
6.1    39.538    35.656    3.8823
6.105    39.49    35.597    3.8928
6.11    39.441    35.538    3.9033
6.115    39.393    35.479    3.9138
6.12    39.344    35.42    3.9242
6.125    39.295    35.361    3.9345
6.13    39.247    35.302    3.9448
6.135    39.198    35.243    3.955
6.14    39.15    35.184    3.9652
6.145    39.101    35.126    3.9753
6.15    39.052    35.067    3.9854
6.155    39.004    35.008    3.9954
6.16    38.955    34.95    4.0054
6.165    38.907    34.891    4.0153
6.17    38.858    34.833    4.0251
6.175    38.809    34.774    4.0349
6.18    38.761    34.716    4.0446
6.185    38.712    34.658    4.0543
6.19    38.663    34.599    4.0639
6.195    38.615    34.541    4.0735
6.2    38.566    34.483    4.083
6.205    38.517    34.425    4.0925
6.21    38.469    34.367    4.1019
6.215    38.42    34.309    4.1113
6.22    38.371    34.251    4.1206
6.225    38.323    34.193    4.1298
6.23    38.274    34.135    4.139
6.235    38.225    34.077    4.1481
6.24    38.176    34.019    4.1572
6.245    38.128    33.961    4.1662
6.25    38.079    33.904    4.1752
6.255    38.03    33.846    4.1841
6.26    37.981    33.788    4.193
6.265    37.932    33.731    4.2018
6.27    37.884    33.673    4.2106
6.275    37.835    33.616    4.2193
6.28    37.786    33.558    4.2279
6.285    37.737    33.501    4.2365
6.29    37.688    33.443    4.2451
6.295    37.64    33.386    4.2536
6.3    37.591    33.329    4.262
6.305    37.542    33.272    4.2704
6.31    37.493    33.214    4.2788
6.315    37.444    33.157    4.287
6.32    37.395    33.1    4.2953
6.325    37.347    33.043    4.3035
6.33    37.298    32.986    4.3116
6.335    37.249    32.929    4.3197
6.34    37.2    32.872    4.3277
6.345    37.151    32.815    4.3357
6.35    37.102    32.759    4.3436
6.355    37.053    32.702    4.3514
6.36    37.004    32.645    4.3593
6.365    36.955    32.588    4.367
6.37    36.906    32.532    4.3747
6.375    36.858    32.475    4.3824
6.38    36.809    32.419    4.39
6.385    36.76    32.362    4.3976
6.39    36.711    32.306    4.4051
6.395    36.662    32.249    4.4125
6.4    36.613    32.193    4.4199
6.405    36.564    32.136    4.4273
6.41    36.515    32.08    4.4346
6.415    36.466    32.024    4.4418
6.42    36.417    31.968    4.449
6.425    36.368    31.912    4.4562
6.43    36.319    31.855    4.4633
6.435    36.27    31.799    4.4703
6.44    36.221    31.743    4.4773
6.445    36.172    31.687    4.4843
6.45    36.123    31.631    4.4912
6.455    36.074    31.576    4.498
6.46    36.024    31.52    4.5048
6.465    35.975    31.464    4.5115
6.47    35.926    31.408    4.5182
6.475    35.877    31.352    4.5249
6.48    35.828    31.297    4.5315
6.485    35.779    31.241    4.538
6.49    35.73    31.185    4.5445
6.495    35.681    31.13    4.551
6.5    35.632    31.074    4.5574
6.505    35.583    31.019    4.5637
6.51    35.534    30.964    4.57
6.515    35.484    30.908    4.5763
6.52    35.435    30.853    4.5825
6.525    35.386    30.798    4.5886
6.53    35.337    30.742    4.5947
6.535    35.288    30.687    4.6008
6.54    35.239    30.632    4.6068
6.545    35.189    30.577    4.6127
6.55    35.14    30.522    4.6186
6.555    35.091    30.467    4.6245
6.56    35.042    30.412    4.6303
6.565    34.993    30.357    4.636
6.57    34.943    30.302    4.6417
6.575    34.894    30.247    4.6474
6.58    34.845    30.192    4.653
6.585    34.796    30.137    4.6586
6.59    34.747    30.082    4.6641
6.595    34.697    30.028    4.6696
6.6    34.648    29.973    4.675
6.605    34.599    29.918    4.6804
6.61    34.55    29.864    4.6857
6.615    34.5    29.809    4.691
6.62    34.451    29.755    4.6962
6.625    34.402    29.7    4.7014
6.63    34.352    29.646    4.7065
6.635    34.303    29.592    4.7116
6.64    34.254    29.537    4.7166
6.645    34.205    29.483    4.7216
6.65    34.155    29.429    4.7266
6.655    34.106    29.374    4.7314
6.66    34.057    29.32    4.7363
6.665    34.007    29.266    4.7411
6.67    33.958    29.212    4.7458
6.675    33.909    29.158    4.7506
6.68    33.859    29.104    4.7552
6.685    33.81    29.05    4.7598
6.69    33.76    28.996    4.7644
6.695    33.711    28.942    4.7689
6.7    33.662    28.888    4.7734
6.705    33.612    28.835    4.7778
6.71    33.563    28.781    4.7822
6.715    33.514    28.727    4.7865
6.72    33.464    28.673    4.7908
6.725    33.415    28.62    4.795
6.73    33.365    28.566    4.7992
6.735    33.316    28.513    4.8034
6.74    33.266    28.459    4.8075
6.745    33.217    28.405    4.8115
6.75    33.168    28.352    4.8155
6.755    33.118    28.299    4.8195
6.76    33.069    28.245    4.8234
6.765    33.019    28.192    4.8273
6.77    32.97    28.139    4.8311
6.775    32.92    28.085    4.8349
6.78    32.871    28.032    4.8386
6.785    32.821    27.979    4.8423
6.79    32.772    27.926    4.846
6.795    32.722    27.873    4.8496
6.8    32.673    27.82    4.8531
6.805    32.623    27.767    4.8566
6.81    32.574    27.714    4.8601
6.815    32.524    27.661    4.8635
6.82    32.475    27.608    4.8669
6.825    32.425    27.555    4.8702
6.83    32.376    27.502    4.8735
6.835    32.326    27.449    4.8767
6.84    32.276    27.397    4.8799
6.845    32.227    27.344    4.8831
6.85    32.177    27.291    4.8862
6.855    32.128    27.239    4.8892
6.86    32.078    27.186    4.8922
6.865    32.029    27.133    4.8952
6.87    31.979    27.081    4.8981
6.875    31.929    27.028    4.901
6.88    31.88    26.976    4.9038
6.885    31.83    26.924    4.9066
6.89    31.781    26.871    4.9094
6.895    31.731    26.819    4.9121
6.9    31.681    26.767    4.9147
6.905    31.632    26.714    4.9174
6.91    31.582    26.662    4.9199
6.915    31.532    26.61    4.9225
6.92    31.483    26.558    4.9249
6.925    31.433    26.506    4.9274
6.93    31.383    26.454    4.9298
6.935    31.334    26.402    4.9321
6.94    31.284    26.35    4.9344
6.945    31.234    26.298    4.9367
6.95    31.185    26.246    4.9389
6.955    31.135    26.194    4.9411
6.96    31.085    26.142    4.9432
6.965    31.036    26.09    4.9453
6.97    30.986    26.038    4.9474
6.975    30.936    25.987    4.9494
6.98    30.886    25.935    4.9513
6.985    30.837    25.883    4.9533
6.99    30.787    25.832    4.9551
6.995    30.737    25.78    4.957
7    30.687    25.729    4.9588
7.005    30.638    25.677    4.9605
7.01    30.588    25.626    4.9622
7.015    30.538    25.574    4.9639
7.02    30.488    25.523    4.9655
7.025    30.439    25.471    4.9671
7.03    30.389    25.42    4.9686
7.035    30.339    25.369    4.9701
7.04    30.289    25.318    4.9716
7.045    30.239    25.266    4.973
7.05    30.19    25.215    4.9743
7.055    30.14    25.164    4.9757
7.06    30.09    25.113    4.977
7.065    30.04    25.062    4.9782
7.07    29.99    25.011    4.9794
7.075    29.94    24.96    4.9806
7.08    29.891    24.909    4.9817
7.085    29.841    24.858    4.9827
7.09    29.791    24.807    4.9838
7.095    29.741    24.756    4.9848
7.1    29.691    24.705    4.9857
7.105    29.641    24.655    4.9866
7.11    29.591    24.604    4.9875
7.115    29.542    24.553    4.9883
7.12    29.492    24.503    4.9891
7.125    29.442    24.452    4.9898
7.13    29.392    24.401    4.9905
7.135    29.342    24.351    4.9912
7.14    29.292    24.3    4.9918
7.145    29.242    24.25    4.9924
7.15    29.192    24.199    4.9929
7.155    29.142    24.149    4.9934
7.16    29.092    24.098    4.9939
7.165    29.042    24.048    4.9943
7.17    28.992    23.998    4.9947
7.175    28.942    23.947    4.995
7.18    28.892    23.897    4.9953
7.185    28.843    23.847    4.9955
7.19    28.793    23.797    4.9957
7.195    28.743    23.747    4.9959
7.2    28.693    23.697    4.996
7.205    28.643    23.646    4.9961
7.21    28.593    23.596    4.9962
7.215    28.543    23.546    4.9962
7.22    28.493    23.496    4.9962
7.225    28.443    23.447    4.9961
7.23    28.393    23.397    4.996
7.235    28.343    23.347    4.9958
7.24    28.293    23.297    4.9956
7.245    28.243    23.247    4.9954
7.25    28.192    23.197    4.9951
7.255    28.142    23.148    4.9948
7.26    28.092    23.098    4.9945
7.265    28.042    23.048    4.9941
7.27    27.992    22.999    4.9936
7.275    27.942    22.949    4.9932
7.28    27.892    22.899    4.9926
7.285    27.842    22.85    4.9921
7.29    27.792    22.8    4.9915
7.295    27.742    22.751    4.9909
7.3    27.692    22.702    4.9902
7.305    27.642    22.652    4.9895
7.31    27.592    22.603    4.9888
7.315    27.541    22.554    4.988
7.32    27.491    22.504    4.9871
7.325    27.441    22.455    4.9863
7.33    27.391    22.406    4.9854
7.335    27.341    22.357    4.9844
7.34    27.291    22.307    4.9835
7.345    27.241    22.258    4.9824
7.35    27.191    22.209    4.9814
7.355    27.14    22.16    4.9803
7.36    27.09    22.111    4.9791
7.365    27.04    22.062    4.978
7.37    26.99    22.013    4.9768
7.375    26.94    21.964    4.9755
7.38    26.89    21.915    4.9742
7.385    26.839    21.867    4.9729
7.39    26.789    21.818    4.9715
7.395    26.739    21.769    4.9701
7.4    26.689    21.72    4.9687
7.405    26.639    21.671    4.9672
7.41    26.588    21.623    4.9657
7.415    26.538    21.574    4.9641
7.42    26.488    21.525    4.9625
7.425    26.438    21.477    4.9609
7.43    26.387    21.428    4.9592
7.435    26.337    21.38    4.9575
7.44    26.287    21.331    4.9557
7.445    26.237    21.283    4.954
7.45    26.187    21.234    4.9521
7.455    26.136    21.186    4.9503
7.46    26.086    21.138    4.9484
7.465    26.036    21.089    4.9464
7.47    25.985    21.041    4.9445
7.475    25.935    20.993    4.9424
7.48    25.885    20.944    4.9404
7.485    25.835    20.896    4.9383
7.49    25.784    20.848    4.9362
7.495    25.734    20.8    4.934
7.5    25.684    20.752    4.9318
7.505    25.633    20.704    4.9296
7.51    25.583    20.656    4.9273
7.515    25.533    20.608    4.925
7.52    25.482    20.56    4.9227
7.525    25.432    20.512    4.9203
7.53    25.382    20.464    4.9178
7.535    25.331    20.416    4.9154
7.54    25.281    20.368    4.9129
7.545    25.231    20.32    4.9104
7.55    25.18    20.273    4.9078
7.555    25.13    20.225    4.9052
7.56    25.08    20.177    4.9025
7.565    25.029    20.129    4.8999
7.57    24.979    20.082    4.8971
7.575    24.929    20.034    4.8944
7.58    24.878    19.987    4.8916
7.585    24.828    19.939    4.8888
7.59    24.777    19.891    4.8859
7.595    24.727    19.844    4.883
7.6    24.677    19.796    4.8801
7.605    24.626    19.749    4.8771
7.61    24.576    19.702    4.8741
7.615    24.525    19.654    4.8711
7.62    24.475    19.607    4.868
7.625    24.424    19.56    4.8649
7.63    24.374    19.512    4.8617
7.635    24.324    19.465    4.8585
7.64    24.273    19.418    4.8553
7.645    24.223    19.371    4.8521
7.65    24.172    19.323    4.8488
7.655    24.122    19.276    4.8454
7.66    24.071    19.229    4.8421
7.665    24.021    19.182    4.8387
7.67    23.97    19.135    4.8352
7.675    23.92    19.088    4.8318
7.68    23.869    19.041    4.8282
7.685    23.819    18.994    4.8247
7.69    23.768    18.947    4.8211
7.695    23.718    18.9    4.8175
7.7    23.667    18.853    4.8139
7.705    23.617    18.807    4.8102
7.71    23.566    18.76    4.8065
7.715    23.516    18.713    4.8027
7.72    23.465    18.666    4.7989
7.725    23.415    18.62    4.7951
7.73    23.364    18.573    4.7912
7.735    23.314    18.526    4.7873
7.74    23.263    18.48    4.7834
7.745    23.213    18.433    4.7794
7.75    23.162    18.387    4.7754
7.755    23.111    18.34    4.7714
7.76    23.061    18.294    4.7673
7.765    23.01    18.247    4.7632
7.77    22.96    18.201    4.7591
7.775    22.909    18.154    4.7549
7.78    22.859    18.108    4.7507
7.785    22.808    18.062    4.7464
7.79    22.757    18.015    4.7422
7.795    22.707    17.969    4.7379
7.8    22.656    17.923    4.7335
7.805    22.606    17.876    4.7291
7.81    22.555    17.83    4.7247
7.815    22.504    17.784    4.7203
7.82    22.454    17.738    4.7158
7.825    22.403    17.692    4.7113
7.83    22.352    17.646    4.7067
7.835    22.302    17.6    4.7021
7.84    22.251    17.554    4.6975
7.845    22.201    17.508    4.6928
7.85    22.15    17.462    4.6881
7.855    22.099    17.416    4.6834
7.86    22.049    17.37    4.6787
7.865    21.998    17.324    4.6739
7.87    21.947    17.278    4.669
7.875    21.897    17.232    4.6642
7.88    21.846    17.187    4.6593
7.885    21.795    17.141    4.6544
7.89    21.745    17.095    4.6494
7.895    21.694    17.049    4.6444
7.9    21.643    17.004    4.6394
7.905    21.592    16.958    4.6343
7.91    21.542    16.913    4.6292
7.915    21.491    16.867    4.6241
7.92    21.44    16.821    4.6189
7.925    21.39    16.776    4.6137
7.93    21.339    16.73    4.6085
7.935    21.288    16.685    4.6033
7.94    21.237    16.639    4.598
7.945    21.187    16.594    4.5926
7.95    21.136    16.549    4.5873
7.955    21.085    16.503    4.5819
7.96    21.034    16.458    4.5764
7.965    20.984    16.413    4.571
7.97    20.933    16.367    4.5655
7.975    20.882    16.322    4.56
7.98    20.831    16.277    4.5544
7.985    20.781    16.232    4.5488
7.99    20.73    16.187    4.5432
7.995    20.679    16.142    4.5375
8    20.628    16.096    4.5318
8.005    20.577    16.051    4.5261
8.01    20.527    16.006    4.5204
8.015    20.476    15.961    4.5146
8.02    20.425    15.916    4.5088
8.025    20.374    15.871    4.5029
8.03    20.323    15.826    4.497
8.035    20.273    15.782    4.4911
8.04    20.222    15.737    4.4851
8.045    20.171    15.692    4.4792
8.05    20.12    15.647    4.4731
8.055    20.069    15.602    4.4671
8.06    20.018    15.557    4.461
8.065    19.968    15.513    4.4549
8.07    19.917    15.468    4.4488
8.075    19.866    15.423    4.4426
8.08    19.815    15.379    4.4364
8.085    19.764    15.334    4.4301
8.09    19.713    15.289    4.4239
8.095    19.662    15.245    4.4176
8.1    19.612    15.2    4.4112
8.105    19.561    15.156    4.4048
8.11    19.51    15.111    4.3984
8.115    19.459    15.067    4.392
8.12    19.408    15.022    4.3855
8.125    19.357    14.978    4.3791
8.13    19.306    14.934    4.3725
8.135    19.255    14.889    4.366
8.14    19.204    14.845    4.3594
8.145    19.153    14.801    4.3527
8.15    19.102    14.756    4.3461
8.155    19.052    14.712    4.3394
8.16    19.001    14.668    4.3327
8.165    18.95    14.624    4.3259
8.17    18.899    14.58    4.3192
8.175    18.848    14.535    4.3124
8.18    18.797    14.491    4.3055
8.185    18.746    14.447    4.2986
8.19    18.695    14.403    4.2917
8.195    18.644    14.359    4.2848
8.2    18.593    14.315    4.2778
8.205    18.542    14.271    4.2708
8.21    18.491    14.227    4.2638
8.215    18.44    14.183    4.2567
8.22    18.389    14.139    4.2496
8.225    18.338    14.096    4.2425
8.23    18.287    14.052    4.2354
8.235    18.236    14.008    4.2282
8.24    18.185    13.964    4.221
8.245    18.134    13.92    4.2137
8.25    18.083    13.877    4.2064
8.255    18.032    13.833    4.1991
8.26    17.981    13.789    4.1918
8.265    17.93    13.746    4.1844
8.27    17.879    13.702    4.177
8.275    17.828    13.658    4.1696
8.28    17.777    13.615    4.1621
8.285    17.726    13.571    4.1546
8.29    17.675    13.528    4.1471
8.295    17.624    13.484    4.1396
8.3    17.573    13.441    4.132
8.305    17.522    13.397    4.1244
8.31    17.471    13.354    4.1167
8.315    17.42    13.311    4.109
8.32    17.369    13.267    4.1013
8.325    17.317    13.224    4.0936
8.33    17.266    13.181    4.0858
8.335    17.215    13.137    4.078
8.34    17.164    13.094    4.0702
8.345    17.113    13.051    4.0624
8.35    17.062    13.008    4.0545
8.355    17.011    12.964    4.0466
8.36    16.96    12.921    4.0386
8.365    16.909    12.878    4.0306
8.37    16.858    12.835    4.0226
8.375    16.807    12.792    4.0146
8.38    16.755    12.749    4.0065
8.385    16.704    12.706    3.9984
8.39    16.653    12.663    3.9903
8.395    16.602    12.62    3.9822
8.4    16.551    12.577    3.974
8.405    16.5    12.534    3.9658
8.41    16.449    12.491    3.9575
8.415    16.397    12.448    3.9492
8.42    16.346    12.405    3.9409
8.425    16.295    12.363    3.9326
8.43    16.244    12.32    3.9242
8.435    16.193    12.277    3.9159
8.44    16.142    12.234    3.9074
8.445    16.091    12.192    3.899
8.45    16.039    12.149    3.8905
8.455    15.988    12.106    3.882
8.46    15.937    12.064    3.8735
8.465    15.886    12.021    3.8649
8.47    15.835    11.978    3.8563
8.475    15.783    11.936    3.8477
8.48    15.732    11.893    3.839
8.485    15.681    11.851    3.8303
8.49    15.63    11.808    3.8216
8.495    15.579    11.766    3.8129
8.5    15.527    11.723    3.8041
8.505    15.476    11.681    3.7953
8.51    15.425    11.638    3.7865
8.515    15.374    11.596    3.7776
8.52    15.322    11.554    3.7687
8.525    15.271    11.511    3.7598
8.53    15.22    11.469    3.7509
8.535    15.169    11.427    3.7419
8.54    15.117    11.385    3.7329
8.545    15.066    11.342    3.7239
8.55    15.015    11.3    3.7148
8.555    14.964    11.258    3.7057
8.56    14.912    11.216    3.6966
8.565    14.861    11.174    3.6874
8.57    14.81    11.132    3.6783
8.575    14.759    11.09    3.6691
8.58    14.707    11.048    3.6598
8.585    14.656    11.005    3.6506
8.59    14.605    10.963    3.6413
8.595    14.553    10.922    3.632
8.6    14.502    10.88    3.6226
8.605    14.451    10.838    3.6133
8.61    14.4    10.796    3.6039
8.615    14.348    10.754    3.5944
8.62    14.297    10.712    3.585
8.625    14.246    10.67    3.5755
8.63    14.194    10.628    3.566
8.635    14.143    10.587    3.5564
8.64    14.092    10.545    3.5469
8.645    14.04    10.503    3.5373
8.65    13.989    10.461    3.5276
8.655    13.938    10.42    3.518
8.66    13.886    10.378    3.5083
8.665    13.835    10.336    3.4986
8.67    13.784    10.295    3.4889
8.675    13.732    10.253    3.4791
8.68    13.681    10.212    3.4693
8.685    13.63    10.17    3.4595
8.69    13.578    10.129    3.4496
8.695    13.527    10.087    3.4397
8.7    13.475    10.046    3.4298
8.705    13.424    10.004    3.4199
8.71    13.373    9.9628    3.41
8.715    13.321    9.9214    3.4
8.72    13.27    9.88    3.3899
8.725    13.219    9.8386    3.3799
8.73    13.167    9.7973    3.3698
8.735    13.116    9.756    3.3597
8.74    13.064    9.7147    3.3496
8.745    13.013    9.6735    3.3395
8.75    12.962    9.6323    3.3293
8.755    12.91    9.591    3.3191
8.76    12.859    9.5499    3.3088
8.765    12.807    9.5087    3.2986
8.77    12.756    9.4676    3.2883
8.775    12.704    9.4264    3.278
8.78    12.653    9.3854    3.2676
8.785    12.602    9.3443    3.2573
8.79    12.55    9.3032    3.2469
8.795    12.499    9.2622    3.2364
8.8    12.447    9.2212    3.226
8.805    12.396    9.1803    3.2155
8.81    12.344    9.1393    3.205
8.815    12.293    9.0984    3.1945
8.82    12.241    9.0575    3.1839
8.825    12.19    9.0166    3.1733
8.83    12.138    8.9757    3.1627
8.835    12.087    8.9349    3.1521
8.84    12.035    8.8941    3.1414
8.845    11.984    8.8533    3.1307
8.85    11.933    8.8125    3.12
8.855    11.881    8.7718    3.1092
8.86    11.83    8.7311    3.0985
8.865    11.778    8.6904    3.0877
8.87    11.727    8.6497    3.0768
8.875    11.675    8.609    3.066
8.88    11.624    8.5684    3.0551
8.885    11.572    8.5278    3.0442
8.89    11.52    8.4872    3.0333
8.895    11.469    8.4467    3.0223
8.9    11.417    8.4061    3.0113
8.905    11.366    8.3656    3.0003
8.91    11.314    8.3251    2.9893
8.915    11.263    8.2847    2.9782
8.92    11.211    8.2442    2.9671
8.925    11.16    8.2038    2.956
8.93    11.108    8.1634    2.9448
8.935    11.057    8.123    2.9337
8.94    11.005    8.0827    2.9225
8.945    10.954    8.0423    2.9113
8.95    10.902    8.002    2.9
8.955    10.85    7.9617    2.8887
8.96    10.799    7.9215    2.8774
8.965    10.747    7.8812    2.8661
8.97    10.696    7.841    2.8547
8.975    10.644    7.8008    2.8434
8.98    10.593    7.7606    2.832
8.985    10.541    7.7205    2.8205
8.99    10.489    7.6803    2.8091
8.995    10.438    7.6402    2.7976
9    10.386    7.6002    2.7861
9.005    10.335    7.5601    2.7745
9.01    10.283    7.52    2.763
9.015    10.231    7.48    2.7514
9.02    10.18    7.44    2.7398
9.025    10.128    7.4001    2.7281
9.03    10.077    7.3601    2.7165
9.035    10.025    7.3202    2.7048
9.04    9.9733    7.2803    2.6931
9.045    9.9217    7.2404    2.6813
9.05    9.8701    7.2005    2.6696
9.055    9.8184    7.1607    2.6578
9.06    9.7668    7.1209    2.646
9.065    9.7152    7.0811    2.6341
9.07    9.6635    7.0413    2.6222
9.075    9.6119    7.0015    2.6103
9.08    9.5602    6.9618    2.5984
9.085    9.5086    6.9221    2.5865
9.09    9.4569    6.8824    2.5745
9.095    9.4052    6.8427    2.5625
9.1    9.3536    6.8031    2.5505
9.105    9.3019    6.7635    2.5385
9.11    9.2502    6.7239    2.5264
9.115    9.1986    6.6843    2.5143
9.12    9.1469    6.6447    2.5022
9.125    9.0952    6.6052    2.49
9.13    9.0435    6.5657    2.4778
9.135    8.9918    6.5262    2.4656
9.14    8.9401    6.4867    2.4534
9.145    8.8884    6.4472    2.4412
9.15    8.8367    6.4078    2.4289
9.155    8.785    6.3684    2.4166
9.16    8.7333    6.329    2.4043
9.165    8.6816    6.2897    2.3919
9.17    8.6299    6.2503    2.3796
9.175    8.5782    6.211    2.3672
9.18    8.5264    6.1717    2.3547
9.185    8.4747    6.1324    2.3423
9.19    8.423    6.0932    2.3298
9.195    8.3712    6.0539    2.3173
9.2    8.3195    6.0147    2.3048
9.205    8.2678    5.9755    2.2923
9.21    8.216    5.9363    2.2797
9.215    8.1643    5.8972    2.2671
9.22    8.1125    5.8581    2.2545
9.225    8.0608    5.819    2.2418
9.23    8.009    5.7799    2.2292
9.235    7.9573    5.7408    2.2165
9.24    7.9055    5.7018    2.2037
9.245    7.8537    5.6627    2.191
9.25    7.802    5.6237    2.1782
9.255    7.7502    5.5848    2.1654
9.26    7.6984    5.5458    2.1526
9.265    7.6466    5.5069    2.1398
9.27    7.5949    5.4679    2.1269
9.275    7.5431    5.429    2.114
9.28    7.4913    5.3902    2.1011
9.285    7.4395    5.3513    2.0882
9.29    7.3877    5.3125    2.0752
9.295    7.3359    5.2737    2.0622
9.3    7.2841    5.2349    2.0492
9.305    7.2323    5.1961    2.0362
9.31    7.1805    5.1573    2.0231
9.315    7.1286    5.1186    2.01
9.32    7.0768    5.0799    1.9969
9.325    7.025    5.0412    1.9838
9.33    6.9732    5.0026    1.9706
9.335    6.9214    4.9639    1.9575
9.34    6.8695    4.9253    1.9443
9.345    6.8177    4.8867    1.931
9.35    6.7659    4.8481    1.9178
9.355    6.714    4.8095    1.9045
9.36    6.6622    4.771    1.8912
9.365    6.6103    4.7325    1.8779
9.37    6.5585    4.694    1.8645
9.375    6.5066    4.6555    1.8512
9.38    6.4548    4.617    1.8378
9.385    6.4029    4.5786    1.8243
9.39    6.351    4.5401    1.8109
9.395    6.2992    4.5017    1.7974
9.4    6.2473    4.4634    1.7839
9.405    6.1954    4.425    1.7704
9.41    6.1436    4.3867    1.7569
9.415    6.0917    4.3484    1.7433
9.42    6.0398    4.3101    1.7297
9.425    5.9879    4.2718    1.7161
9.43    5.936    4.2335    1.7025
9.435    5.8841    4.1953    1.6888
9.44    5.8322    4.1571    1.6752
9.445    5.7803    4.1189    1.6615
9.45    5.7284    4.0807    1.6477
9.455    5.6765    4.0425    1.634
9.46    5.6246    4.0044    1.6202
9.465    5.5727    3.9663    1.6064
9.47    5.5208    3.9282    1.5926
9.475    5.4689    3.8901    1.5788
9.48    5.4169    3.8521    1.5649
9.485    5.365    3.814    1.551
9.49    5.3131    3.776    1.5371
9.495    5.2612    3.738    1.5231
9.5    5.2092    3.7    1.5092
9.505    5.1573    3.6621    1.4952
9.51    5.1053    3.6241    1.4812
9.515    5.0534    3.5862    1.4672
9.52    5.0014    3.5483    1.4531
9.525    4.9495    3.5105    1.439
9.53    4.8975    3.4726    1.4249
9.535    4.8456    3.4348    1.4108
9.54    4.7936    3.3969    1.3967
9.545    4.7417    3.3591    1.3825
9.55    4.6897    3.3214    1.3683
9.555    4.6377    3.2836    1.3541
9.56    4.5857    3.2459    1.3399
9.565    4.5338    3.2082    1.3256
9.57    4.4818    3.1705    1.3113
9.575    4.4298    3.1328    1.297
9.58    4.3778    3.0951    1.2827
9.585    4.3258    3.0575    1.2683
9.59    4.2738    3.0199    1.254
9.595    4.2218    2.9823    1.2396
9.6    4.1698    2.9447    1.2252
9.605    4.1178    2.9071    1.2107
9.61    4.0658    2.8696    1.1963
9.615    4.0138    2.8321    1.1818
9.62    3.9618    2.7946    1.1673
9.625    3.9098    2.7571    1.1527
9.63    3.8578    2.7196    1.1382
9.635    3.8058    2.6822    1.1236
9.64    3.7537    2.6447    1.109
9.645    3.7017    2.6073    1.0944
9.65    3.6497    2.57    1.0797
9.655    3.5976    2.5326    1.0651
9.66    3.5456    2.4952    1.0504
9.665    3.4936    2.4579    1.0357
9.67    3.4415    2.4206    1.0209
9.675    3.3895    2.3833    1.0062
9.68    3.3374    2.3461    0.99138
9.685    3.2854    2.3088    0.97658
9.69    3.2333    2.2716    0.96176
9.695    3.1813    2.2344    0.94691
9.7    3.1292    2.1972    0.93204
9.705    3.0771    2.16    0.91715
9.71    3.0251    2.1228    0.90224
9.715    2.973    2.0857    0.8873
9.72    2.9209    2.0486    0.87234
9.725    2.8689    2.0115    0.85736
9.73    2.8168    1.9744    0.84236
9.735    2.7647    1.9374    0.82734
9.74    2.7126    1.9003    0.81229
9.745    2.6605    1.8633    0.79722
9.75    2.6084    1.8263    0.78213
9.755    2.5563    1.7893    0.76702
9.76    2.5042    1.7523    0.75189
9.765    2.4521    1.7154    0.73673
9.77    2.4    1.6785    0.72155
9.775    2.3479    1.6416    0.70635
9.78    2.2958    1.6047    0.69113
9.785    2.2437    1.5678    0.67589
9.79    2.1916    1.531    0.66062
9.795    2.1395    1.4941    0.64533
9.8    2.0873    1.4573    0.63002
9.805    2.0352    1.4205    0.61469
9.81    1.9831    1.3837    0.59934
9.815    1.931    1.347    0.58396
9.82    1.8788    1.3103    0.56857
9.825    1.8267    1.2735    0.55315
9.83    1.7745    1.2368    0.53771
9.835    1.7224    1.2002    0.52225
9.84    1.6703    1.1635    0.50676
9.845    1.6181    1.1268    0.49126
9.85    1.566    1.0902    0.47573
9.855    1.5138    1.0536    0.46018
9.86    1.4616    1.017    0.44461
9.865    1.4095    0.98045    0.42902
9.87    1.3573    0.9439    0.41341
9.875    1.3051    0.90737    0.39778
9.88    1.253    0.87085    0.38212
9.885    1.2008    0.83436    0.36644
9.89    1.1486    0.79788    0.35074
9.895    1.0964    0.76142    0.33502
9.9    1.0443    0.72498    0.31928
9.905    0.99208    0.68856    0.30352
9.91    0.93989    0.65215    0.28774
9.915    0.8877    0.61577    0.27193
9.92    0.8355    0.5794    0.2561
9.925    0.78331    0.54305    0.24026
9.93    0.73111    0.50672    0.22439
9.935    0.6789    0.47041    0.2085
9.94    0.6267    0.43411    0.19259
9.945    0.57449    0.39784    0.17665
9.95    0.52228    0.36158    0.1607
9.955    0.47006    0.32534    0.14472
9.96    0.41785    0.28912    0.12873
9.965    0.36562    0.25291    0.11271
9.97    0.3134    0.21673    0.096672
9.975    0.26118    0.18056    0.080613
9.98    0.20895    0.14441    0.064532
9.985    0.15671    0.10828    0.048431
9.99    0.10448    0.072171    0.032308
9.995    0.052241    0.036076    0.016164
10    -2.5047e-13    -1.7939e-12    1.5434e-12
