                ---  DERIVADA NUMÉRICA DE LAS INTEGRALES  ---
Se muestran todas las derivadas numéricas de las integrales del fichero ResultadosIntegrales.txt:
Se ha utlizado el método de las diferencias centrales. También se muestra la solución analítica.
INTERVALO 	 DERIVADA NUMÉRICA 	 SOLUCIÓN ANALÍTICA 	 ERROR RELATIVO
[-4,-4] 	0.0001642510218	0.2419860523	-0.2418218013
[-4,-3.9] 	0.0002033840105	0.0001986554714	4.72853907e-06
[-4,-3.8] 	0.0002985169473	0.0002919469258	6.57002153e-06
[-4,-3.7] 	0.0004338027313	0.0004247802706	9.022460715e-06
[-4,-3.6] 	0.0006241467281	0.0006119019301	1.224479802e-05
[-4,-3.5] 	0.0008891033785	0.000872682695	1.642068349e-05
[-4,-3.4] 	0.001253975319	0.001232219168	2.175615043e-05
[-4,-3.3] 	0.001751043366	0.001722568939	2.847442659e-05
[-4,-3.2] 	0.002420895363	0.002384088201	3.680716111e-05
[-4,-3.1] 	0.003313800483	0.003266819056	4.69814271e-05
[-4,-3] 	0.00449105046	0.004431848412	5.920204811e-05
[-4,-2.9] 	0.006026161532	0.00595253242	7.362911177e-05
[-4,-2.8] 	0.008005802568	0.007915451583	9.03509854e-05
[-4,-2.7] 	0.01053028854	0.01042093481	0.0001093537285
[-4,-2.6] 	0.01371345771	0.01358296923	0.0001304884803
[-4,-2.5] 	0.01768173963	0.01752830049	0.0001534391339
[-4,-2.4] 	0.02257222362	0.02239453029	0.0001776933242
[-4,-2.3] 	0.02852955809	0.02832703774	0.000202520344
[-4,-2.2] 	0.03570155282	0.03547459285	0.0002269599758
[-4,-2.1] 	0.04423342222	0.04398359598	0.0002498262436
[-4,-2] 	0.05426069619	0.05399096651	0.0002697296799
[-4,-1.9] 	0.06590093555	0.06561581477	0.0002851207769
[-4,-1.8] 	0.07924451415	0.0789501583	0.0002943558479
[-4,-1.7] 	0.09434486197	0.09404907738	0.0002957845959
[-4,-1.6] 	0.1112086911	0.1109208347	0.0002878564063
[-4,-1.5] 	0.1297868356	0.1295175957	0.0002692399331
[-4,-1.4] 	0.1499664138	0.1497274656	0.000238948193
[-4,-1.3] 	0.1715650515	0.171368592	0.000196459421
[-4,-1.2] 	0.1943278776	0.194186055	0.0001418226657
[-4,-1.1] 	0.2179279138	0.217852177	7.57367939e-05
[-4,-1] 	0.2419703169	0.2419707245	-4.075887825e-07
[-4,-0.9] 	0.2660007182	0.2660852499	-8.453173107e-05
[-4,-0.8] 	0.2895176297	0.2896915528	-0.000173923054
[-4,-0.7] 	0.3119885921	0.3122539334	-0.0002653412558
[-4,-0.6] 	0.3328694303	0.3332246029	-0.0003551725474
[-4,-0.5] 	0.3516257032	0.3520653268	-0.0004396235605
[-4,-0.4] 	0.3677551982	0.3682701403	-0.000514942105
[-4,-0.3] 	0.3808101669	0.3813878155	-0.0005776485695
[-4,-0.2] 	0.3904179342	0.391042694	-0.0006247597875
[-4,-0.1] 	0.3962985605	0.3969525475	-0.0006539869532
[-4,2.414735079e-15] 	0.3982783896	0.3989422804	-0.0006638907703
[-4,0.1] 	0.3962985671	0.3969525475	-0.0006539803574
[-4,0.2] 	0.3904179468	0.391042694	-0.0006247472026
[-4,0.3] 	0.3808101843	0.3813878155	-0.0005776311535
[-4,0.4] 	0.3677552188	0.3682701403	-0.0005149214609
[-4,0.5] 	0.3516257252	0.3520653268	-0.0004396015906
[-4,0.6] 	0.3328694516	0.3332246029	-0.0003551512833
[-4,0.7] 	0.3119886107	0.3122539334	-0.0002653226799
[-4,0.8] 	0.2895176438	0.2896915528	-0.0001739089306
[-4,0.9] 	0.2660007264	0.2660852499	-8.452346152e-05
[-4,1] 	0.2419703184	0.2419707245	-4.06105098e-07
[-4,1.1] 	0.2179279081	0.217852177	7.573109013e-05
[-4,1.2] 	0.1943278649	0.194186055	0.0001418099149
[-4,1.3] 	0.1715650323	0.171368592	0.0001964402698
[-4,1.4] 	0.1499663894	0.1497274656	0.0002389237172
[-4,1.5] 	0.1297868072	0.1295175957	0.0002692115294
[-4,1.6] 	0.1112086603	0.1109208347	0.0002878256649
[-4,1.7] 	0.09434483054	0.09404907738	0.0002957531675
[-4,1.8] 	0.07924448362	0.0789501583	0.0002943253174
[-4,1.9] 	0.06590090733	0.06561581477	0.0002850925544
[-4,2] 	0.05426067143	0.05399096651	0.000269704917
[-4,2.1] 	0.04423340176	0.04398359598	0.0002498057796
[-4,2.2] 	0.03570153716	0.03547459285	0.0002269443142
[-4,2.3] 	0.0285295474	0.02832703774	0.0002025096593
[-4,2.4] 	0.02257221779	0.02239453029	0.0001776874921
[-4,2.5] 	0.01768173827	0.01752830049	0.0001534377806
[-4,2.6] 	0.01371346028	0.01358296923	0.0001304910429
[-4,2.7] 	0.01053029434	0.01042093481	0.0001093595209
[-4,2.8] 	0.008005810844	0.007915451583	9.035926107e-05
[-4,2.9] 	0.006026171541	0.00595253242	7.363912118e-05
[-4,3] 	0.004491061497	0.004431848412	5.921308548e-05
[-4,3.1] 	0.003313811921	0.003266819056	4.699286525e-05
[-4,3.2] 	0.002420906675	0.002384088201	3.681847381e-05
[-4,3.3] 	0.001751054138	0.001722568939	2.848519932e-05
[-4,3.4] 	0.001253985249	0.001232219168	2.176608092e-05
[-4,3.5] 	0.0008891122696	0.000872682695	1.642957456e-05
[-4,3.6] 	0.0006241544749	0.0006119019301	1.225254477e-05
[-4,3.7] 	0.0004338093051	0.0004247802706	9.029034553e-06
[-4,3.8] 	0.0002985223788	0.0002919469258	6.575453016e-06
[-4,3.9] 	0.0002425218733	0.0001986554714	4.386640196e-05
[-4,4] 	0	0.0001642510218	0.2419860523
