#DATOS PARA h=0.1
t		Y1		Y2		V1		V2
0		3		4		0		0
0.1		2.99002		3.995		-0.199292		-0.100167
0.2		2.96028		3.97993		-0.39437		-0.20132
0.3		2.91142		3.95467		-0.581163		-0.304396
0.4		2.84445		3.91896		-0.755883		-0.410226
0.5		2.76076		3.87251		-0.915149		-0.519498
0.6		2.66204		3.81493		-1.0561		-0.632707
0.7		2.55023		3.74582		-1.17651		-0.75013
0.8		2.42747		3.66476		-1.2748		-0.871794
0.9		2.29603		3.57133		-1.35018		-0.997465
1		2.15821		3.46515		-1.40256		-1.12664
1.1		2.01626		3.34591		-1.43265		-1.25856
1.2		1.87237		3.21338		-1.44183		-1.39219
1.3		1.72853		3.06746		-1.43218		-1.52631
1.4		1.58648		2.90815		-1.4063		-1.65947
1.5		1.44771		2.73565		-1.36731		-1.79009
1.6		1.31334		2.55028		-1.31865		-1.91648
1.7		1.18418		2.35255		-1.26397		-2.03689
1.8		1.06063		2.14315		-1.20701		-2.14958
1.9		0.942729		1.92295		-1.15144		-2.25285
2		0.830175		1.69295		-1.10072		-2.34512
2.1		0.722318		1.45434		-1.05798		-2.42496
2.2		0.618222		1.20842		-1.0259		-2.49115
2.3		0.516711		0.956598		-1.00658		-2.54271
2.4		0.41643		0.700385		-1.0015		-2.57894
2.5		0.315909		0.441336		-1.01144		-2.59942
2.6		0.213637		0.181031		-1.03647		-2.60404
2.7		0.108132		-0.0789502		-1.07592		-2.59302
2.8		-0.00198422		-0.337066		-1.12841		-2.56684
2.9		-0.11792		-0.591839		-1.19192		-2.5263
3		-0.240651		-0.841882		-1.26385		-2.47244
3.1		-0.370868		-1.08592		-1.34109		-2.40651
3.2		-0.508932		-1.32283		-1.4202		-2.32993
3.3		-0.654846		-1.55161		-1.49746		-2.24426
3.4		-0.808236		-1.77143		-1.56908		-2.15113
3.5		-0.968347		-1.98164		-1.63128		-2.05217
3.6		-1.13406		-2.18173		-1.68049		-1.949
3.7		-1.3039		-2.37135		-1.71342		-1.84312
3.8		-1.4761		-2.55031		-1.72726		-1.73594
3.9		-1.64864		-2.71853		-1.71971		-1.62865
4		-1.81928		-2.87607		-1.68913		-1.52226
4.1		-1.98566		-3.02304		-1.63457		-1.41751
4.2		-2.14538		-3.15964		-1.55585		-1.3149
4.3		-2.29604		-3.2861		-1.45353		-1.21469
4.4		-2.43535		-3.40266		-1.32892		-1.11684
4.5		-2.56115		-3.50954		-1.18404		-1.0211
4.6		-2.67157		-3.60693		-1.02156		-0.926968
4.7		-2.76498		-3.69497		-0.844688		-0.83377
4.8		-2.84014		-3.77369		-0.657095		-0.740672
4.9		-2.89618		-3.84307		-0.462766		-0.646733
5		-2.93261		-3.90298		-0.265875		-0.550954
5.1		-2.94941		-3.95317		-0.070642		-0.452327
5.2		-2.94693		-3.99332		0.118815		-0.349892
5.3		-2.92597		-4.02299		0.298615		-0.242782
5.4		-2.88765		-4.04169		0.46525		-0.130274
5.5		-2.83346		-4.04885		0.615696		-0.0118284
5.6		-2.76513		-4.04385		0.747521		0.112871
5.7		-2.68464		-4.02606		0.858957		0.243895
5.8		-2.59406		-3.99486		0.948954		0.381046
5.9		-2.49557		-3.94966		1.01722		0.523853
6		-2.39133		-3.88993		1.06419		0.671571
6.1		-2.28341		-3.81522		1.09104		0.823196
6.2		-2.17373		-3.7252		1.09962		0.977481
6.3		-2.06401		-3.61968		1.09236		1.13297
6.4		-1.95569		-3.49862		1.07219		1.28805
6.5		-1.84989		-3.36214		1.04242		1.44096
6.6		-1.74741		-3.21056		1.00659		1.58988
6.7		-1.64865		-3.04436		0.968394		1.73298
6.8		-1.55369		-2.86422		0.931455		1.86843
6.9		-1.4622		-2.67099		0.899245		1.99453
7		-1.37357		-2.46568		0.874925		2.10969
7.1		-1.28686		-2.24946		0.861233		2.21252
7.2		-1.2009		-2.02362		0.86037		2.30186
7.3		-1.11431		-1.78957		0.873922		2.37681
7.4		-1.0256		-1.54876		0.902789		2.43676
7.5		-0.933231		-1.30273		0.947155		2.48139
7.6		-0.83567		-1.053		1.00647		2.51071
7.7		-0.731479		-0.801086		1.07947		2.52501
7.8		-0.619382		-0.548475		1.16423		2.52487
7.9		-0.498325		-0.296565		1.25819		2.51115
8		-0.367536		-0.0466632		1.35833		2.48491
8.1		-0.226568		0.200042		1.46118		2.44742
8.2		-0.0753343		0.442492		1.56301		2.40008
8.3		0.0858703		0.679778		1.65995		2.34436
8.4		0.256363		0.911137		1.74813		2.2818
8.5		0.435079		1.13596		1.82382		2.2139
8.6		0.620595		1.35379		1.88357		2.14209
8.7		0.81116		1.56429		1.92435		2.06768
8.8		1.00475		1.76727		1.94364		1.99181
8.9		1.19911		1.96264		1.93953		1.91545
9		1.39183		2.15037		1.91081		1.83931
9.1		1.58043		2.33052		1.85703		1.76386
9.2		1.76241		2.50318		1.77846		1.68932
9.3		1.93533		2.66842		1.67617		1.61565
9.4		2.09691		2.82633		1.55192		1.54257
9.5		2.24506		2.97693		1.40816		1.46956
9.6		2.37799		3.12022		1.24791		1.39593
9.7		2.49421		3.25607		1.07468		1.32081
9.8		2.59262		3.3843		0.892347		1.24322
9.9		2.67251		3.5046		0.705006		1.16212
10		2.73359		3.61657		0.516847		1.07645
10.1		2.77599		3.7197		0.332005		0.985191
10.2		2.80024		3.81339		0.154415		0.887415
10.3		2.80724		3.89694		-0.0123158		0.782323
10.4		2.79824		3.96959		-0.165033		0.669304
10.5		2.77479		4.03052		-0.301141		0.547962
10.6		2.73864		4.0789		-0.418684		0.418152
10.7		2.69171		4.11387		-0.516412		0.279997
10.8		2.63603		4.13463		-0.59381		0.133902
10.9		2.57362		4.14041		-0.651112		-0.0194475
11		2.50645		4.13053		-0.689279		-0.179092
11.1		2.43635		4.10442		-0.709952		-0.343819
11.2		2.36497		4.06165		-0.715388		-0.512192
11.3		2.29369		4.00192		-0.708361		-0.682585
11.4		2.22361		3.92512		-0.692051		-0.853227
11.5		2.15548		3.83132		-0.669924		-1.02225
11.6		2.0897		3.72079		-0.645589		-1.18776
11.7		2.02631		3.59395		-0.622661		-1.34785
11.8		1.965		3.45146		-0.604617		-1.50069
11.9		1.90512		3.29411		-0.594663		-1.6446
12		1.8457		3.12289		-0.595607		-1.77801
12.1		1.78555		2.9389		-0.609747		-1.89963
12.2		1.72326		2.74339		-0.638783		-2.00837
12.3		1.65726		2.53769		-0.68374		-2.10344
12.4		1.58597		2.32318		-0.744934		-2.18434
12.5		1.50775		2.1013		-0.821945		-2.25087
12.6		1.42108		1.87348		-0.91363		-2.30313
12.7		1.32459		1.64114		-1.01816		-2.34152
12.8		1.21711		1.40562		-1.13307		-2.3667
12.9		1.09773		1.16821		-1.25537		-2.37956
13		0.965898		0.93008		-1.38163		-2.38119
13.1		0.821397		0.692301		-1.50809		-2.37283
13.2		0.664403		0.455802		-1.63084		-2.35583
13.3		0.495487		0.221376		-1.74589		-2.33158
13.4		0.315611		-0.0103191		-1.84939		-2.30147
13.5		0.126116		-0.238766		-1.93771		-2.26682
13.6		-0.0713157		-0.463574		-2.00762		-2.22888
13.7		-0.2747		-0.684468		-2.05635		-2.1887
13.8		-0.481805		-0.901271		-2.08175		-2.14719
13.9		-0.69022		-1.11388		-2.08233		-2.10499
14		-0.897417		-1.32226		-2.05735		-2.06255
14.1		-1.10084		-1.52639		-2.0068		-2.02004
14.2		-1.29795		-1.72627		-1.93147		-1.97737
14.3		-1.48635		-1.92185		-1.83285		-1.93423
14.4		-1.66381		-2.11308		-1.71315		-1.89005
14.5		-1.82837		-2.2998		-1.57517		-1.8441
14.6		-1.97835		-2.48181		-1.42224		-1.79544
14.7		-2.11244		-2.65877		-1.25809		-1.74304
14.8		-2.22972		-2.83025		-1.08671		-1.68579
14.9		-2.32968		-2.99573		-0.912229		-1.62256
15		-2.4122		-3.15453		-0.738764		-1.55222
15.1		-2.4776		-3.3059		-0.570275		-1.47377
15.2		-2.52655		-3.44898		-0.410433		-1.38629
15.3		-2.56008		-3.58283		-0.262495		-1.28907
15.4		-2.57954		-3.70645		-0.129188		-1.18161
15.5		-2.58648		-3.8188		-0.0126262		-1.06365
15.6		-2.58267		-3.91883		0.0857618		-0.935199
15.7		-2.56996		-4.0055		0.165273		-0.796564
15.8		-2.55025		-4.07782		0.225949		-0.648335
15.9		-2.52538		-4.13488		0.268558		-0.491386
16		-2.49709		-4.17585		0.294565		-0.326858
16.1		-2.46695		-4.20004		0.30606		-0.156132
16.2		-2.43627		-4.20692		0.305678		0.0192008
16.3		-2.40611		-4.19611		0.296488		0.197389
16.4		-2.37716		-4.16741		0.281873		0.376563
16.5		-2.34979		-4.12083		0.265395		0.554789
16.6		-2.32402		-4.05655		0.250656		0.730125
16.7		-2.29949		-3.97496		0.241153		0.900674
16.8		-2.27551		-3.87663		0.240147		1.06464
16.9		-2.25108		-3.76231		0.250527		1.22038
17		-2.22494		-3.63288		0.274699		1.36644
17.1		-2.19562		-3.48938		0.314487		1.5016
17.2		-2.16148		-3.33296		0.371059		1.62492
17.3		-2.12083		-3.16482		0.444873		1.73573
17.4		-2.07194		-2.98624		0.535655		1.83365
17.5		-2.01316		-2.79852		0.642396		1.91861
17.6		-1.94298		-2.60294		0.763386		1.99084
17.7		-1.86009		-2.40076		0.896267		2.05081
17.8		-1.76343		-2.19317		1.03811		2.09925
17.9		-1.65228		-1.98127		1.18551		2.1371
18		-1.52626		-1.76606		1.33474		2.16544
18.1		-1.3854		-1.54846		1.4818		2.18547
18.2		-1.23011		-1.3292		1.62267		2.19847
18.3		-1.06121		-1.10895		1.75334		2.20571
18.4		-0.879909		-0.888213		1.87004		2.20842
18.5		-0.687782		-0.667381		1.96933		2.20773
18.6		-0.486724		-0.446746		2.04822		2.20465
18.7		-0.2789		-0.226504		2.1043		2.19998
18.8		-0.0666845		-0.00678231		2.13581		2.19433
18.9		0.147407		0.212343		2.14172		2.18808
19		0.360794		0.430818		2.12172		2.18134
19.1		0.570903		0.648591		2.07631		2.17399
19.2		0.775248		0.865583		2.00672		2.16564
19.3		0.971503		1.08167		1.91488		2.15568
19.4		1.15757		1.29664		1.80336		2.1433
19.5		1.33162		1.51021		1.67528		2.12751
19.6		1.49219		1.72199		1.53421		2.10719
19.7		1.63816		1.93146		1.384		2.08114
19.8		1.76882		2.13799		1.22869		2.04812
19.9		1.88386		2.34081		1.07235		2.00691
20		1.98339		2.53906		0.918943		1.95636
20.1		2.06787		2.73174		0.772172		1.89546
20.2		2.13815		2.91777		0.635364		1.82334
20.3		2.19537		3.09601		0.511355		1.73936
20.4		2.24093		3.26524		0.402387		1.64312
20.5		2.27641		3.42422		0.310042		1.5345
20.6		2.30352		3.57173		0.235188		1.41366
20.7		2.32403		3.70656		0.177955		1.28106
20.8		2.33968		3.82757		0.137743		1.13745
20.9		2.35211		3.93372		0.113249		0.983872
21		2.36279		4.02406		0.102529		0.821602
21.1		2.37299		4.0978		0.103071		0.652157
21.2		2.38368		4.1543		0.111906		0.477233
21.3		2.39554		4.19312		0.125716		0.298663
21.4		2.40888		4.21398		0.140975		0.118366
21.5		2.42366		4.2168		0.154083		-0.0617071
21.6		2.4395		4.20171		0.161505		-0.239629
21.7		2.45566		4.16901		0.159917		-0.41355
21.8		2.47108		4.11919		0.146333		-0.581751
21.9		2.48444		4.0529		0.118226		-0.74269
22		2.49418		3.97094		0.0736293		-0.89504
22.1		2.49857		3.87422		0.0112195		-1.03773
22.2		2.49581		3.76374		-0.0696252		-1.16995
22.3		2.48403		3.64059		-0.168793		-1.29119
22.4		2.46146		3.50588		-0.285432		-1.40124
22.5		2.42642		3.36072		-0.417973		-1.50014
22.6		2.37741		3.20621		-0.564177		-1.58825
22.7		2.31322		3.04341		-0.721208		-1.66613
22.8		2.23292		2.8733		-0.885727		-1.73458
22.9		2.13595		2.69678		-1.05401		-1.79455
23		2.02212		2.51464		-1.22206		-1.84713
23.1		1.89168		2.32756		-1.38578		-1.89345
23.2		1.74525		2.13612		-1.54108		-1.93469
23.3		1.58388		1.94075		-1.68402		-1.97199
23.4		1.40898		1.74181		-1.81099		-2.0064
23.5		1.22232		1.53954		-1.91879		-2.03884
23.6		1.02595		1.33409		-2.00475		-2.07006
23.7		0.822164		1.12555		-2.06686		-2.10061
23.8		0.613419		0.913975		-2.10379		-2.1308
23.9		0.402267		0.699397		-2.11496		-2.1607
24		0.191281		0.48185		-2.10055		-2.19012
24.1		-0.0170208		0.261402		-2.06152		-2.21863
24.2		-0.220255		0.0381761		-1.99952		-2.24555
24.3		-0.416235		-0.187626		-1.91688		-2.26999
24.4		-0.603038		-0.415704		-1.8165		-2.29089
24.5		-0.779055		-0.645645		-1.70175		-2.30703
24.6		-0.943031		-0.876908		-1.57633		-2.31712
24.7		-1.0941		-1.10882		-1.44418		-2.3198
24.8		-1.23178		-1.34058		-1.30929		-2.31373
24.9		-1.35599		-1.57123		-1.1756		-2.29763
25		-1.46706		-1.79973		-1.04682		-2.27032
25.1		-1.56564		-2.02489		-0.926327		-2.23079
25.2		-1.6527		-2.24545		-0.817036		-2.17824
25.3		-1.7295		-2.46008		-0.721298		-2.11209
25.4		-1.79747		-2.66741		-0.640824		-2.03207
25.5		-1.85821		-2.86603		-0.576625		-1.93815
25.6		-1.91335		-3.05458		-0.528984		-1.83065
25.7		-1.96454		-3.23173		-0.497449		-1.71016
25.8		-2.01334		-3.39621		-0.480863		-1.57756
25.9		-2.06115		-3.54687		-0.477409		-1.43401
26		-2.10918		-3.68269		-0.484687		-1.28092
26.1		-2.15835		-3.80279		-0.499809		-1.11987
26.2		-2.2093		-3.90646		-0.519513		-0.952636
26.3		-2.26229		-3.99317		-0.540294		-0.781073
26.4		-2.31727		-4.0626		-0.558538		-0.607103
26.5		-2.3738		-4.11458		-0.570665		-0.432643
26.6		-2.43109		-4.14917		-0.573268		-0.259553
26.7		-2.48803		-4.16659		-0.563253		-0.0895877
26.8		-2.54323		-4.16725		-0.537953		0.0756579
26.9		-2.59504		-4.15167		-0.495243		0.234787
27		-2.64164		-4.12053		-0.433626		0.386638
27.1		-2.6811		-4.07461		-0.352295		0.53031
27.2		-2.71144		-4.01476		-0.251178		0.66518
27.3		-2.7307		-3.94188		-0.130947		0.79091
27.4		-2.73704		-3.85689		0.00699585		0.907444
27.5		-2.72878		-3.76069		0.160556		1.01499
27.6		-2.70449		-3.65417		0.327017		1.11402
27.7		-2.66305		-3.53815		0.503126		1.20519
27.8		-2.60367		-3.41337		0.685207		1.28935
27.9		-2.52594		-3.28048		0.869282		1.36747
28		-2.42988		-3.14004		1.05121		1.44061
28.1		-2.31591		-2.99249		1.22682		1.50986
28.2		-2.18487		-2.83817		1.39207		1.57628
28.3		-2.03797		-2.6773		1.54317		1.64084
28.4		-1.87682		-2.51003		1.67674		1.7044
28.5		-1.70331		-2.33643		1.78988		1.76768
28.6		-1.5196		-2.15649		1.88032		1.83116
28.7		-1.32805		-1.97018		1.94646		1.89511
28.8		-1.13115		-1.77745		1.98743		1.95955
28.9		-0.931413		-1.57826		2.00313		2.02425
29		-0.731345		-1.37261		1.99423		2.08871
29.1		-0.533343		-1.16055		1.96211		2.15222
29.2		-0.33963		-0.942227		1.90884		2.2138
29.3		-0.152193		-0.71789		1.83709		2.27232
29.4		0.027276		-0.487908		1.75002		2.32649
29.5		0.197419		-0.252785		1.65119		2.37488
29.6		0.357248		-0.0131734		1.54439		2.41603
29.7		0.506162		0.23013		1.43354		2.44847
29.8		0.643951		0.476183		1.32252		2.47077
29.9		0.770785		0.723903		1.21503		2.4816
30		0.88719		0.972082		1.11449		2.47979
30.1		0.994014		1.2194		1.02386		2.46433
30.2		1.09238		1.46447		0.945587		2.4345
30.3		1.18361		1.70581		0.881494		2.3898
30.4		1.26919		1.94193		0.832718		2.33005
30.5		1.35068		2.17132		0.799674		2.25534
30.6		1.42964		2.39251		0.782048		2.16611
30.7		1.50757		2.60408		0.77881		2.06305
30.8		1.58582		2.80469		0.788261		1.94718
30.9		1.66557		2.99313		0.808096		1.81974
31		1.7477		3.1683		0.8355		1.68219
31.1		1.83281		3.32928		0.867254		1.53619
31.2		1.92118		3.47532		0.899861		1.3835
31.3		2.01269		3.60582		0.929684		1.22599
31.4		2.1069		3.72041		0.953083		1.0655
31.5		2.20298		3.81889		0.966558		0.903884
31.6		2.29977		3.90121		0.966889		0.742882
31.7		2.39582		3.96754		0.951257		0.584105
31.8		2.48941		4.01816		0.917361		0.428982
31.9		2.57863		4.0535		0.863509		0.278721
32		2.66141		4.07409		0.78869		0.134286
32.1		2.73566		4.08057		0.692624		-0.00362903
32.2		2.79924		4.0736		0.575778		-0.134605
32.3		2.85016		4.05389		0.439363		-0.258499
32.4		2.88653		4.02213		0.285298		-0.375435
32.5		2.90671		3.97902		0.116152		-0.485782
32.6		2.90936		3.92518		-0.0649402		-0.590125
32.7		2.89344		3.86117		-0.254383		-0.689227
32.8		2.85833		3.78748		-0.448238		-0.783988
32.9		2.80379		3.70449		-0.64236		-0.875395
33		2.72999		3.61248		-0.832538		-0.964471
33.1		2.63755		3.51164		-1.01464		-1.05222
33.2		2.52747		3.40205		-1.18474		-1.13959
33.3		2.40112		3.2837		-1.33928		-1.22739
33.4		2.26023		3.15653		-1.47517		-1.31629
33.5		2.10679		3.02039		-1.5899		-1.40677
33.6		1.94302		2.87512		-1.68161		-1.49905
33.7		1.77128		2.72052		-1.74917		-1.59314
33.8		1.59401		2.55644		-1.7922		-1.68877
33.9		1.41365		2.38273		-1.81107		-1.78541
34		1.23256		2.19934		-1.80692		-1.88229
34.1		1.05297		2.0063		-1.78156		-1.97839
34.2		0.876879		1.80373		-1.73741		-2.07252
34.3		0.706019		1.59191		-1.67744		-2.16328
34.4		0.541806		1.37124		-1.60504		-2.24918
34.5		0.385305		1.14229		-1.52385		-2.32863
34.6		0.237202		0.905779		-1.4377		-2.40004
34.7		0.097802		0.662599		-1.35041		-2.46183
34.8		-0.0329665		0.413783		-1.26567		-2.51252
34.9		-0.155532		0.16051		-1.18689		-2.55076
35		-0.270646		-0.0959141		-1.11711		-2.57538
35.1		-0.379338		-0.354079		-1.05882		-2.58543
35.2		-0.48286		-0.612492		-1.01396		-2.58025
35.3		-0.582622		-0.869606		-0.98378		-2.55942
35.4		-0.680125		-1.12385		-0.968812		-2.52287
35.5		-0.776887		-1.37366		-0.968868		-2.4708
35.6		-0.874371		-1.61751		-0.98304		-2.40374
35.7		-0.973914		-1.85394		-1.00973		-2.32249
35.8		-1.07666		-2.08157		-1.04673		-2.22813
35.9		-1.18351		-2.29917		-1.09129		-2.12198
36		-1.29507		-2.50562		-1.14021		-2.00553
36.1		-1.41159		-2.69999		-1.19001		-1.88044
36.2		-1.53298		-2.88148		-1.23701		-1.74845
36.3		-1.65877		-3.04951		-1.27751		-1.61134
36.4		-1.78814		-3.20364		-1.30791		-1.47088
36.5		-1.9199		-3.34363		-1.32483		-1.32879
36.6		-2.05256		-3.46939		-1.32531		-1.18664
36.7		-2.18433		-3.581		-1.30685		-1.04587
36.8		-2.31323		-3.67865		-1.26753		-0.907679
36.9		-2.4371		-3.76266		-1.20614		-0.773069
37		-2.5537		-3.83341		-1.12216		-0.642767
37.1		-2.66079		-3.89137		-1.01582		-0.517237
37.2		-2.75615		-3.93703		-0.88812		-0.396669
37.3		-2.83775		-3.97087		-0.740775		-0.280996
37.4		-2.90373		-3.99338		-0.576175		-0.169903
37.5		-2.95251		-4.00499		-0.397305		-0.062856
37.6		-2.98283		-4.00606		-0.207648		0.0408578
37.7		-2.99381		-3.9969		-0.0110683		0.142095
37.8		-2.98495		-3.97769		0.188321		0.241803
37.9		-2.95619		-3.94855		0.386295		0.340977
38		-2.90788		-3.90948		0.578662		0.440598
38.1		-2.84078		-3.86039		0.761406		0.541591
38.2		-2.75604		-3.80109		0.930823		0.644769
38.3		-2.65517		-3.73134		1.08364		0.750791
38.4		-2.53996		-3.65082		1.21715		0.860122
38.5		-2.41246		-3.5592		1.32925		0.973003
38.6		-2.27487		-3.4561		1.41856		1.08942
38.7		-2.12953		-3.3412		1.48445		1.20911
38.8		-1.97876		-3.21419		1.52702		1.33154
38.9		-1.82487		-3.07483		1.54715		1.45589
39		-1.67003		-2.92298		1.54639		1.58114
39.1		-1.51622		-2.75861		1.52696		1.70603
39.2		-1.36517		-2.58183		1.49161		1.82911
39.3		-1.21832		-2.3929		1.44355		1.94882
39.4		-1.07677		-2.19224		1.38631		2.06346
39.5		-0.941242		-1.98044		1.32359		2.17134
39.6		-0.812107		-1.75825		1.25915		2.27074
39.7		-0.689348		-1.52662		1.19665		2.36004
39.8		-0.572596		-1.28663		1.13953		2.43771
39.9		-0.461159		-1.03951		1.09084		2.50243
40		-0.35406		-0.786619		1.05317		2.55305
40.1		-0.25009		-0.529405		1.02853		2.58869
40.2		-0.147873		-0.269401		1.01827		2.60876
40.3		-0.0459322		-0.00818302		1.02306		2.61295
40.4		0.0572397		0.252659		1.04282		2.60126
40.5		0.163106		0.51155		1.07676		2.57402
40.6		0.273017		0.766963		1.12339		2.53182
40.7		0.388138		1.01745		1.18058		2.47557
40.8		0.509396		1.26165		1.24563		2.40638
40.9		0.637422		1.49833		1.3154		2.3256
41		0.772517		1.72643		1.38638		2.23472
41.1		0.914616		1.945		1.45488		2.13537
41.2		1.06328		2.15327		1.5171		2.02921
41.3		1.2177		2.35067		1.56934		1.91792
41.4		1.3767		2.53674		1.60809		1.80315
41.5		1.53876		2.71123		1.63019		1.68641
41.6		1.70209		2.874		1.63295		1.56909
41.7		1.86464		3.02507		1.61423		1.45239
41.8		2.02417		3.16454		1.57256		1.33729
41.9		2.17836		3.2926		1.50718		1.22452
42		2.32482		3.40953		1.41808		1.11455
42.1		2.46121		3.51562		1.30601		1.0076
42.2		2.5853		3.61115		1.17244		0.903611
42.3		2.69505		3.69643		1.01957		0.802292
42.4		2.78866		3.77168		0.850193		0.70313
42.5		2.86465		3.8371		0.667653		0.605427
42.6		2.92188		3.89279		0.475703		0.508337
42.7		2.95961		3.93876		0.27839		0.410917
42.8		2.97752		3.97493		0.0799181		0.312171
42.9		2.97569		4.00112		-0.1155		0.211108
43		2.95465		4.01704		-0.303781		0.106787
43.1		2.9153		4.02234		-0.481113		-0.00162721
43.2		2.85891		4.01656		-0.644084		-0.11482
43.3		2.78706		3.9992		-0.789793		-0.233286
43.4		2.70161		3.96971		-0.915948		-0.357297
43.5		2.60458		3.92755		-1.02094		-0.486871
43.6		2.49816		3.87216		-1.10388		-0.621763
43.7		2.38455		3.80304		-1.16466		-0.761454
43.8		2.26594		3.71974		-1.20388		-0.905155
43.9		2.14445		3.62191		-1.22288		-1.05182
44		2.02198		3.50931		-1.22364		-1.20019
44.1		1.90024		3.38186		-1.20875		-1.34877
44.2		1.78065		3.23961		-1.18122		-1.49594
44.3		1.66431		3.08278		-1.14445		-1.63997
44.4		1.55195		2.91178		-1.10206		-1.77903
44.5		1.44396		2.7272		-1.05773		-1.91133
44.6		1.34035		2.5298		-1.01511		-2.0351
44.7		1.24077		2.32052		-0.977611		-2.14869
44.8		1.14455		2.10045		-0.948353		-2.25058
44.9		1.05073		1.87083		-0.929982		-2.33947
45		0.958116		1.63302		-0.9246		-2.41429
45.1		0.865327		1.38847		-0.933671		-2.47423
45.2		0.770873		1.13869		-0.95797		-2.5188
45.3		0.673222		0.885233		-0.997547		-2.54778
45.4		0.570874		0.629652		-1.05172		-2.56129
45.5		0.462434		0.373479		-1.11912		-2.55972
45.6		0.346677		0.118188		-1.19768		-2.54377
45.7		0.222611		-0.134826		-1.28479		-2.51438
45.8		0.0895363		-0.384277		-1.37733		-2.4727
45.9		-0.0529192		-0.629002		-1.47179		-2.42009
46		-0.204762		-0.867978		-1.56445		-2.35799
46.1		-0.36562		-1.10034		-1.65144		-2.28797
46.2		-0.534733		-1.32536		-1.72894		-2.21157
46.3		-0.710969		-1.54249		-1.7933		-2.13034
46.4		-0.892842		-1.75131		-1.84117		-2.04573
46.5		-1.07856		-1.95157		-1.86966		-1.95906
46.6		-1.26605		-2.1431		-1.8764		-1.87148
46.7		-1.45305		-2.32586		-1.85965		-1.78393
46.8		-1.63716		-2.49991		-1.8184		-1.69711
46.9		-1.8159		-2.66533		-1.75236		-1.61149
47		-1.98682		-2.82225		-1.66201		-1.52725
47.1		-2.14753		-2.97082		-1.54859		-1.44434
47.2		-2.29583		-3.11116		-1.41404		-1.36245
47.3		-2.42972		-3.24333		-1.26096		-1.28107
47.4		-2.54751		-3.36736		-1.09251		-1.19946
47.5		-2.64783		-3.48319		-0.912305		-1.11679
47.6		-2.72971		-3.59065		-0.724289		-1.03206
47.7		-2.79257		-3.6895		-0.53261		-0.944249
47.8		-2.83625		-3.77936		-0.341469		-0.852329
47.9		-2.86102		-3.85979		-0.154982		-0.755309
48		-2.86753		-3.93023		0.0229678		-0.652298
48.1		-2.85683		-3.99003		0.188853		-0.54255
48.2		-2.83027		-4.03849		0.339628		-0.425506
48.3		-2.78949		-4.07487		0.472822		-0.300833
48.4		-2.73635		-4.0984		0.586628		-0.168445
48.5		-2.67285		-4.10831		0.67995		-0.0285309
48.6		-2.60106		-4.10387		0.752436		0.118445
48.7		-2.52304		-4.08441		0.804484		0.271738
48.8		-2.44081		-4.04935		0.837209		0.430338
48.9		-2.35619		-3.99821		0.852399		0.592989
49		-2.27083		-3.93066		0.852436		0.758218
49.1		-2.18611		-3.84653		0.840201		0.924379
49.2		-2.10309		-3.74581		0.818959		1.08969
49.3		-2.0225		-3.62868		0.792227		1.25229
49.4		-1.94471		-3.49551		0.763641		1.4103
49.5		-1.86972		-3.34684		0.736813		1.56184
49.6		-1.79717		-3.18341		0.715187		1.70515
49.7		-1.7264		-3.00614		0.701911		1.83857
49.8		-1.65642		-2.81608		0.699707		1.96064
49.9		-1.58601		-2.61443		0.710771		2.07013
50		-1.51377		-2.40251		0.736682		2.16604
50.1		-1.43815		-2.1817		0.778337		2.24769
50.2		-1.35757		-1.95346		0.835916		2.31467
50.3		-1.27045		-1.71926		0.908862		2.36689
50.4		-1.17533		-1.48057		0.995907		2.40455
50.5		-1.07087		-1.23882		1.0951		2.42815
50.6		-0.955984		-0.995383		1.20389		2.43843
50.7		-0.829869		-0.751544		1.31921		2.43639
50.8		-0.69204		-0.508478		1.43755		2.42318
50.9		-0.542382		-0.267236		1.55517		2.40013
51		-0.381161		-0.0287337		1.66813		2.36863
51.1		-0.209042		0.206257		1.77251		2.33013
51.2		-0.0270722		0.437106		1.86452		2.28604
51.3		0.163331		0.663324		1.94062		2.23773
51.4		0.360417		0.884553		1.99772		2.18643
51.5		0.562152		1.10055		2.03319		2.13323
51.6		0.766268		1.31117		2.04506		2.07901
51.7		0.970333		1.51634		2.03203		2.02443
51.8		1.17182		1.71605		1.99352		1.96991
51.9		1.36819		1.91033		1.92975		1.9156
52		1.55696		2.09918		1.84167		1.86141
52.1		1.73577		2.2826		1.73097		1.807
52.2		1.90248		2.46055		1.60001		1.75182
52.3		2.05519		2.63292		1.45175		1.6951
52.4		2.19236		2.79949		1.28963		1.63595
52.5		2.31278		2.95999		1.11748		1.57332
52.6		2.41566		3.11401		0.939341		1.50614
52.7		2.50059		3.26103		0.759376		1.43329
52.8		2.56761		3.40044		0.581697		1.3537
52.9		2.61714		3.53151		0.41023		1.26641
53		2.64998		3.65344		0.248581		1.17058
53.1		2.66729		3.76532		0.0999135		1.06554
53.2		2.67049		3.86622		-0.0331581		0.950866
53.3		2.66125		3.95517		-0.148653		0.826375
53.4		2.64139		4.03117		-0.24529		0.692159
53.5		2.61284		4.09329		-0.322517		0.548592
53.6		2.57753		4.1406		-0.38053		0.396337
53.7		2.53734		4.17229		-0.420248		0.236336
53.8		2.49404		4.18765		-0.443275		0.0697885
53.9		2.44917		4.18608		-0.451827		-0.101873
54		2.40406		4.16716		-0.448641		-0.277022
54.1		2.35973		4.13062		-0.436869		-0.453878
54.2		2.31686		4.07639		-0.419945		-0.630559
54.3		2.27579		4.00458		-0.401459		-0.805135
54.4		2.2365		3.91549		-0.385009		-0.975679
54.5		2.19861		3.80964		-0.37406		-1.14033
54.6		2.1614		3.68768		-0.371811		-1.29732
54.7		2.12386		3.55048		-0.381069		-1.44509
54.8		2.08472		3.39902		-0.404134		-1.58223
54.9		2.04252		3.23443		-0.442707		-1.70761
55		1.99563		3.05792		-0.497821		-1.82037
55.1		1.94239		2.8708		-0.569796		-1.91992
55.2		1.88112		2.67439		-0.658214		-2.00601
55.3		1.81023		2.47004		-0.761932		-2.07863
55.4		1.72828		2.2591		-0.879115		-2.13812
55.5		1.63404		2.04284		-1.0073		-2.18503
55.6		1.52656		1.82249		-1.14346		-2.22018
55.7		1.4052		1.59916		-1.28414		-2.24458
55.8		1.2697		1.37389		-1.42557		-2.25938
55.9		1.12019		1.14756		-1.56376		-2.26585
56		0.957193		0.920953		-1.6947		-2.2653
56.1		0.781626		0.694694		-1.81446		-2.25904
56.2		0.594797		0.469294		-1.91935		-2.24832
56.3		0.398364		0.245139		-2.00605		-2.2343
56.4		0.19429		0.0225099		-2.07171		-2.21798
56.5		-0.0152014		-0.198408		-2.1141		-2.20018
56.6		-0.227699		-0.417498		-2.13163		-2.1815
56.7		-0.440668		-0.634692		-2.12345		-2.1623
56.8		-0.651526		-0.849945		-2.08947		-2.14269
56.9		-0.857721		-1.06321		-2.03036		-2.12253
57		-1.05681		-1.27442		-1.94755		-2.10142
57.1		-1.24651		-1.48345		-1.84314		-2.07876
57.2		-1.4248		-1.69009		-1.71986		-2.05373
57.3		-1.58996		-1.89408		-1.58095		-2.02536
57.4		-1.74059		-2.09502		-1.43009		-1.99253
57.5		-1.87571		-2.2924		-1.2712		-1.95407
57.6		-1.9947		-2.4856		-1.10837		-1.90879
57.7		-2.09739		-2.67389		-0.945688		-1.85551
57.8		-2.18398		-2.8564		-0.787079		-1.79314
57.9		-2.25506		-3.03218		-0.636204		-1.72073
58		-2.31158		-3.20019		-0.496312		-1.63749
58.1		-2.35478		-3.3593		-0.370135		-1.54286
58.2		-2.38614		-3.50837		-0.259797		-1.43653
58.3		-2.40732		-3.64621		-0.166744		-1.31845
58.4		-2.42009		-3.77167		-0.0916989		-1.18888
58.5		-2.42626		-3.88363		-0.0346467		-1.04836
58.6		-2.4276		-3.98101		0.005157		-0.897733
58.7		-2.42576		-4.06287		0.0291488		-0.738094
58.8		-2.42223		-4.12837		0.0393956		-0.570801
58.9		-2.41825		-4.17683		0.0385085		-0.39742
59		-2.4148		-4.20771		0.0295382		-0.21969
59.1		-2.4125		-4.22068		0.0158528		-0.0394743
59.2		-2.41167		-4.21559		0.00100484		0.141293
59.3		-2.41222		-4.19247		-0.0114088		0.320661
59.4		-2.41375		-4.15157		-0.0178883		0.496716
59.5		-2.41549		-4.0933		-0.0151694		0.667637
59.6		-2.41638		-4.01827		-0.000352176		0.831746
59.7		-2.41508		-3.92723		0.0289823		0.987553
59.8		-2.41004		-3.82108		0.0746743		1.1338
59.9		-2.39956		-3.70082		0.137908		1.26947
60		-2.38185		-3.56756		0.219157		1.39386
60.1		-2.35513		-3.42244		0.318163		1.50652
60.2		-2.31766		-3.26665		0.433928		1.60732
60.3		-2.26784		-3.10137		0.564748		1.69641
60.4		-2.20428		-2.92775		0.708264		1.77421
60.5		-2.12586		-2.74688		0.86154		1.84136
60.6		-2.03176		-2.5598		1.02116		1.89873
60.7		-1.92154		-2.36743		1.18336		1.94733
60.8		-1.79514		-2.17059		1.34413		1.9883
60.9		-1.6529		-1.96998		1.49937		2.02282
61		-1.49558		-1.7662		1.64505		2.05211
61.1		-1.32434		-1.5597		1.77731		2.07732
61.2		-1.14069		-1.35083		1.89265		2.09952
61.3		-0.946476		-1.13986		1.988		2.11963
61.4		-0.743838		-0.926951		2.06085		2.13841
61.5		-0.53512		-0.712205		2.10936		2.1564
61.6		-0.322817		-0.495687		2.1324		2.17389
61.7		-0.109505		-0.277441		2.12956		2.19095
61.8		0.102244		-0.0575178		2.10125		2.20737
61.9		0.309931		0.163998		2.04859		2.22271
62		0.511209		0.386967		1.97342		2.23629
62.1		0.703945		0.611169		1.87823		2.24723
62.2		0.886287		0.836291		1.76605		2.25447
62.3		1.05671		1.0619		1.64038		2.25682
62.4		1.21404		1.28745		1.50501		2.253
62.5		1.35752		1.51225		1.36391		2.2417
62.6		1.48676		1.7355		1.22112		2.22163
62.7		1.60181		1.95624		1.08055		2.19156
62.8		1.70307		2.17344		0.945892		2.1504
62.9		1.7913		2.38592		0.820445		2.09721
63		1.86756		2.59245		0.707036		2.03127
63.1		1.93319		2.79173		0.607908		1.95212
63.2		1.98968		2.98243		0.524645		1.85954
63.3		2.03867		3.1632		0.458123		1.75365
63.4		2.08187		3.33273		0.408485		1.63482
63.5		2.12092		3.48975		0.375142		1.50375
63.6		2.1574		3.6331		0.356806		1.36142
63.7		2.19272		3.7617		0.351543		1.20907
63.8		2.22806		3.87463		0.356853		1.04815
63.9		2.26434		3.9711		0.369771		0.880334
64		2.30216		4.05053		0.386983		0.70742
64.1		2.34176		4.11248		0.404958		0.531304
64.2		2.38305		4.15674		0.420088		0.353924
64.3		2.42557		4.18329		0.428827		0.177199
64.4		2.46849		4.19227		0.427829		0.00298024
64.5		2.51071		4.18402		0.414087		-0.167004
64.6		2.5508		4.15906		0.385047		-0.331195
64.7		2.58714		4.11802		0.338714		-0.488245
64.8		2.61792		4.06169		0.273734		-0.637047
64.9		2.64124		3.99092		0.189456		-0.776765
65		2.65517		3.90666		0.0859631		-0.906846
65.1		2.65782		3.80988		-0.0359172		-1.02702
65.2		2.64742		3.70158		-0.174636		-1.13731
65.3		2.6224		3.58274		-0.327967		-1.23799
65.4		2.58143		3.45429		-0.493081		-1.32959
65.5		2.5235		3.3171		-0.666637		-1.41284
65.6		2.44795		3.17197		-0.844895		-1.48863
65.7		2.3545		3.01959		-1.02385		-1.558
65.8		2.24329		2.86055		-1.19935		-1.62202
65.9		2.11488		2.69532		-1.36727		-1.68182
66		1.97023		2.52429		-1.52363		-1.73846
66.1		1.81067		2.3477		-1.66473		-1.79294
66.2		1.6379		2.16574		-1.78732		-1.84613
66.3		1.45391		1.9785		-1.88865		-1.89871
66.4		1.26095		1.786		-1.9666		-1.95117
66.5		1.06142		1.58826		-2.01976		-2.00376
66.6		0.857849		1.38525		-2.04746		-2.0565
66.7		0.652778		1.17696		-2.04979		-2.10912
66.8		0.44871		0.963443		-2.0276		-2.16113
66.9		0.248025		0.744782		-1.98245		-2.21178
67		0.0529111		0.521163		-1.91659		-2.26013
67.1		-0.134695		0.292871		-1.83282		-2.30502
67.2		-0.313165		0.0603155		-1.73443		-2.34519
67.3		-0.481215		-0.175963		-1.62507		-2.37925
67.4		-0.637942		-0.415283		-1.50861		-2.40576
67.5		-0.782831		-0.656817		-1.38897		-2.42331
67.6		-0.915761		-0.8996		-1.27007		-2.43052
67.7		-1.03699		-1.14253		-1.15556		-2.42614
67.8		-1.14713		-1.38441		-1.04881		-2.40908
67.9		-1.24711		-1.6239		-0.952703		-2.37843
68		-1.33811		-1.85962		-0.869586		-2.33355
68.1		-1.42152		-2.09012		-0.80116		-2.27405
68.2		-1.49887		-2.31393		-0.748433		-2.19985
68.3		-1.57174		-2.5296		-0.71169		-2.11116
68.4		-1.64172		-2.7357		-0.690481		-2.0085
68.5		-1.71032		-2.93086		-0.683651		-1.89268
68.6		-1.77887		-3.11383		-0.689383		-1.76479
68.7		-1.84853		-3.28346		-0.705277		-1.62617
68.8		-1.92017		-3.43876		-0.728438		-1.47835
68.9		-1.99436		-3.57888		-0.755596		-1.32305
69		-2.07131		-3.70318		-0.78323		-1.16207
69.1		-2.1509		-3.81117		-0.807706		-0.997304
69.2		-2.23262		-3.90258		-0.825417		-0.830639
69.3		-2.31564		-3.9773		-0.832928		-0.663914
69.4		-2.39876		-4.03542		-0.827105		-0.498866
69.5		-2.48052		-4.07718		-0.805245		-0.337084
69.6		-2.5592		-4.10299		-0.765179		-0.179965
69.7		-2.6329		-4.11337		-0.705365		-0.0286761
69.8		-2.69959		-4.10895		-0.624954		0.115869
69.9		-2.7572		-4.09044		-0.52383		0.253029
70		-2.80368		-4.0586		-0.402625		0.382444
70.1		-2.8371		-4.01421		-0.262707		0.504031
70.2		-2.85567		-3.95805		-0.106141		0.61797
70.3		-2.85786		-3.89086		0.0643782		0.724687
70.4		-2.84243		-3.81334		0.245611		0.824815
70.5		-2.8085		-3.72609		0.433884		0.919161
70.6		-2.75555		-3.62966		0.62521		1.00866
70.7		-2.6835		-3.52449		0.815429		1.09433
70.8		-2.59265		-3.41089		1.00034		1.17721
70.9		-2.48374		-3.28911		1.17587		1.25831
71		-2.35791		-3.15926		1.33818		1.33858
71.1		-2.21666		-3.02139		1.4838		1.41883
71.2		-2.06181		-2.87547		1.60979		1.49971
71.3		-1.89544		-2.72141		1.71379		1.58167
71.4		-1.71984		-2.55909		1.79412		1.66494
71.5		-1.53744		-2.38838		1.84982		1.74947
71.6		-1.35071		-2.20916		1.88071		1.83499
71.7		-1.1621		-2.02137		1.88735		1.92094
71.8		-0.974001		-1.82499		1.87105		2.00654
71.9		-0.788596		-1.62011		1.83378		2.09076
72		-0.60786		-1.40692		1.77812		2.1724
72.1		-0.433482		-1.18576		1.70717		2.25009
72.2		-0.26682		-0.957084		1.62441		2.32235
72.3		-0.10887		-0.72152		1.53356		2.38763
72.4		0.0397516		-0.479843		1.43849		2.44436
72.5		0.178816		-0.232982		1.34303		2.49105
72.6		0.308468		0.0179847		1.25084		2.52627
72.7		0.429207		0.271847		1.16531		2.54875
72.8		0.541851		0.527274		1.08937		2.55742
72.9		0.647484		0.782841		1.02546		2.55143
73		0.747404		1.03705		0.975369		2.5302
73.1		0.843058		1.28836		0.94024		2.49345
73.2		0.935966		1.53522		0.920477		2.4412
73.3		1.02766		1.7761		0.91576		2.37376
73.4		1.11959		2.00949		0.925055		2.29177
73.5		1.21308		2.23399		0.946653		2.19613
73.6		1.30925		2.4483		0.97824		2.08802
73.7		1.40897		2.65123		1.01699		1.96882
73.8		1.51278		2.84175		1.05965		1.84012
73.9		1.62091		3.01899		1.10272		1.70361
74		1.73322		3.18227		1.14252		1.56111
74.1		1.84918		3.33107		1.17537		1.41441
74.2		1.96794		3.46507		1.19773		1.26532
74.3		2.08827		3.58411		1.20635		1.11554
74.4		2.20865		3.68821		1.19833		0.966648
74.5		2.3273		3.77752		1.17133		0.82006
74.6		2.44223		3.85234		1.12361		0.676965
74.7		2.5513		3.91306		1.05408		0.538314
74.8		2.6523		3.96017		0.962412		0.404797
74.9		2.74305		3.99421		0.84902		0.276834
75		2.82142		4.01573		0.715062		0.15457
75.1		2.88544		4.02531		0.562413		0.037891
75.2		2.93336		4.02348		0.393603		-0.0735608
75.3		2.96372		4.01075		0.211738		-0.180356
75.4		2.97539		3.98754		0.0203938		-0.283241
75.5		2.96762		3.9542		-0.1765		-0.383098
75.6		2.94005		3.91099		-0.374797		-0.480891
75.7		2.89275		3.85806		-0.570271		-0.577622
75.8		2.82622		3.79547		-0.758762		-0.674274
75.9		2.74136		3.72318		-0.93632		-0.77176
76		2.63945		3.64106		-1.09933		-0.870879
76.1		2.52209		3.54893		-1.24465		-0.972265
76.2		2.39119		3.44652		-1.3697		-1.07636
76.3		2.24889		3.33356		-1.47256		-1.18336
76.4		2.09746		3.20975		-1.55201		-1.29323
76.5		1.93928		3.07482		-1.6076		-1.40567
76.6		1.77673		2.92855		-1.63962		-1.52011
76.7		1.61211		2.77076		-1.64911		-1.63572
76.8		1.4476		2.6014		-1.63781		-1.75145
76.9		1.28517		2.42051		-1.60807		-1.86602
77		1.12651		2.22828		-1.56277		-1.97801
77.1		0.973023		2.02505		-1.50524		-2.08584
77.2		0.825752		1.81131		-1.43906		-2.18786
77.3		0.685374		1.58773		-1.368		-2.28239
77.4		0.552189		1.35513		-1.29583		-2.36779
77.5		0.426124		1.11453		-1.2262		-2.44247
77.6		0.306752		0.867045		-1.16249		-2.50501
77.7		0.193327		0.61397		-1.10771		-2.55415
77.8		0.0848283		0.356698		-1.06434		-2.58884
77.9		-0.0199863		0.0967113		-1.03429		-2.60831
78		-0.122516		-0.164439		-1.01879		-2.61206
78.1		-0.22425		-0.42517		-1.01839		-2.59991
78.2		-0.326692		-0.683894		-1.03287		-2.57197
78.3		-0.431291		-0.93905		-1.06131		-2.52866
78.4		-0.539368		-1.18914		-1.10211		-2.4707
78.5		-0.652053		-1.43273		-1.15305		-2.39908
78.6		-0.770224		-1.66854		-1.21133		-2.31501
78.7		-0.894459		-1.89537		-1.27377		-2.21992
78.8		-1.025		-2.1122		-1.33682		-2.11537
78.9		-1.16172		-2.31818		-1.39678		-2.00304
79		-1.30413		-2.51261		-1.4499		-1.88465
79.1		-1.45135		-2.69497		-1.49253		-1.76191
79.2		-1.60217		-2.8649		-1.52125		-1.63647
79.3		-1.75503		-3.02222		-1.533		-1.50986
79.4		-1.90812		-3.16688		-1.52524		-1.38346
79.5		-2.05936		-3.29896		-1.49599		-1.25846
79.6		-2.20655		-3.41865		-1.44394		-1.13582
79.7		-2.34737		-3.52623		-1.36852		-1.01623
79.8		-2.47948		-3.62202		-1.26988		-0.900148
79.9		-2.6006		-3.70638		-1.14897		-0.78774
80		-2.70858		-3.77969		-1.00743		-0.678923
80.1		-2.80148		-3.84228		-0.847593		-0.573373
80.2		-2.87759		-3.89445		-0.672409		-0.47055
80.3		-2.93556		-3.93645		-0.485321		-0.369733
80.4		-2.97438		-3.96844		-0.290166		-0.270065
80.5		-2.99346		-3.99047		-0.0910424		-0.170595
80.6		-2.9926		-4.00253		0.107829		-0.0703294
80.7		-2.97204		-4.00448		0.302248		0.0317123
80.8		-2.93243		-3.9961		0.48818		0.13645
80.9		-2.87481		-3.97707		0.661891		0.244692
81		-2.80058		-3.94702		0.820072		0.357089
81.1		-2.71141		-3.9055		0.959953		0.474097
81.2		-2.60927		-3.85204		1.07939		0.595942
81.3		-2.49627		-3.78615		1.17694		0.722599
81.4		-2.37464		-3.70737		1.25189		0.853777
81.5		-2.24664		-3.61526		1.30428		0.988913
81.6		-2.11451		-3.50948		1.33491		1.12718
81.7		-1.98034		-3.38976		1.34528		1.26751
81.8		-1.84606		-3.25595		1.33751		1.4086
81.9		-1.71335		-3.10806		1.31431		1.54897
82		-1.5836		-2.94624		1.27882		1.68698
82.1		-1.45788		-2.7708		1.23449		1.8209
82.2		-1.33688		-2.58225		1.18501		1.94897
82.3		-1.22093		-2.38126		1.13407		2.06939
82.4		-1.10999		-2.16868		1.0853		2.18048
82.5		-1.00368		-1.94553		1.04211		2.28062
82.6		-0.901283		-1.71297		1.00752		2.3684
82.7		-0.801804		-1.47231		0.984103		2.44259
82.8		-0.704022		-1.22494		0.973856		2.50222
82.9		-0.606547		-0.97237		0.978123		2.54659
83		-0.50789		-0.716144		0.997551		2.5753
83.1		-0.406532		-0.457835		1.03206		2.58826
83.2		-0.301001		-0.19901		1.08084		2.58569
83.3		-0.189937		0.0588002		1.14239		2.56808
83.4		-0.0721667		0.314131		1.21456		2.53625
83.5		0.053241		0.565609		1.29465		2.49121
83.6		0.186921		0.811974		1.37945		2.43422
83.7		0.329173		1.0521		1.46546		2.36669
83.8		0.479928		1.28501		1.54891		2.29016
83.9		0.638742		1.50989		1.62598		2.20621
84		0.804785		1.72606		1.69289		2.11646
84.1		0.976862		1.93304		1.74608		2.02247
84.2		1.15344		2.13046		1.78233		1.9257
84.3		1.33267		2.31813		1.79885		1.82748
84.4		1.51247		2.49595		1.79344		1.72895
84.5		1.69057		2.66394		1.76454		1.63105
84.6		1.86457		2.8222		1.71132		1.53447
84.7		2.03202		2.97089		1.63367		1.43963
84.8		2.19051		3.11019		1.53227		1.34671
84.9		2.33772		3.2403		1.40852		1.25562
85		2.47154		3.36137		1.26455		1.16605
85.1		2.59005		3.47354		1.10309		1.07744
85.2		2.69168		3.57687		0.927435		0.989079
85.3		2.77519		3.67133		0.741288		0.900093
85.4		2.83972		3.75683		0.548668		0.809515
85.5		2.88484		3.83315		0.353756		0.716328
85.6		2.91054		3.89998		0.160757		0.619521
85.7		2.9172		3.9569		-0.0262442		0.518134
85.8		2.90562		4.00342		-0.203424		0.411317
85.9		2.87695		4.03896		-0.367345		0.298369
86		2.83269		4.06287		-0.515075		0.178782
86.1		2.77456		4.07449		-0.644281		0.0522785
86.2		2.70451		4.0731		-0.753305		-0.0811678
86.3		2.6246		4.05803		-0.841213		-0.221312
86.4		2.53698		4.02863		-0.90782		-0.367632
86.5		2.44373		3.98432		-0.953687		-0.519333
86.6		2.34689		3.92462		-0.980087		-0.675356
86.7		2.2483		3.84915		-0.988952		-0.83441
86.8		2.1496		3.75768		-0.982791		-0.994995
86.9		2.05215		3.65015		-0.964588		-1.15545
87		1.95697		3.52666		-0.937688		-1.31399
87.1		1.86478		3.38748		-0.905659		-1.46876
87.2		1.77589		3.23309		-0.872159		-1.61791
87.3		1.69028		3.06415		-0.840792		-1.75961
87.4		1.60755		2.88148		-0.814966		-1.89213
87.5		1.52699		2.68608		-0.797766		-2.01389
87.6		1.44762		2.4791		-0.79183		-2.12352
87.7		1.36818		2.26182		-0.799248		-2.21985
87.8		1.28727		2.03561		-0.821477		-2.302
87.9		1.20336		1.80192		-0.859286		-2.36937
88		1.11489		1.56224		-0.912718		-2.42166
88.1		1.02032		1.31809		-0.981088		-2.45889
88.2		0.918221		1.07095		-1.063		-2.48137
88.3		0.807337		0.822286		-1.1564		-2.48968
88.4		0.686646		0.573462		-1.25863		-2.48468
88.5		0.55542		0.325759		-1.36655		-2.46743
88.6		0.413263		0.0803424		-1.47663		-2.43919
88.7		0.260147		-0.161757		-1.5851		-2.40132
88.8		0.0964281		-0.39965		-1.68803		-2.3553
88.9		-0.0771451		-0.632595		-1.78155		-2.3026
89		-0.259444		-0.859997		-1.86195		-2.24469
89.1		-0.448983		-1.08141		-1.92581		-2.18294
89.2		-0.643953		-1.2965		-1.97014		-2.1186
89.3		-0.842276		-1.50508		-1.99249		-2.05276
89.4		-1.04166		-1.70703		-1.99105		-1.98629
89.5		-1.23965		-1.90234		-1.96471		-1.91986
89.6		-1.43375		-2.09102		-1.91308		-1.85385
89.7		-1.62144		-2.27312		-1.83657		-1.78841
89.8		-1.80027		-2.44871		-1.73632		-1.72343
89.9		-1.96797		-2.61782		-1.61419		-1.65857
90		-2.12247		-2.78041		-1.47271		-1.59324
90.1		-2.26197		-2.93642		-1.31497		-1.5267
90.2		-2.38504		-3.08568		-1.14453		-1.45803
90.3		-2.49058		-3.22792		-0.965288		-1.38622
90.4		-2.57794		-3.36278		-0.781349		-1.3102
90.5		-2.64684		-3.48979		-0.596892		-1.22889
90.6		-2.69743		-3.60835		-0.416015		-1.14128
90.7		-2.73029		-3.7178		-0.242601		-1.04642
90.8		-2.74632		-3.81737		-0.0801811		-0.94354
90.9		-2.74679		-3.90622		0.0681801		-0.832047
91		-2.73324		-3.98348		0.19999		-0.711573
91.1		-2.70741		-4.04823		0.313407		-0.582007
91.2		-2.67121		-4.09958		0.4073		-0.44351
91.3		-2.62662		-4.13665		0.481274		-0.296529
91.4		-2.57561		-4.15863		0.535682		-0.141793
91.5		-2.5201		-4.16478		0.571595		0.0196964
91.6		-2.46185		-4.1545		0.590755		0.186686
91.7		-2.40243		-4.12731		0.595502		0.357701
91.8		-2.34314		-4.08288		0.588676		0.531082
91.9		-2.28497		-4.02108		0.573506		0.705032
92		-2.2286		-3.94192		0.553479		0.877663
92.1		-2.17432		-3.84565		0.532205		1.04705
92.2		-2.12208		-3.73268		0.513275		1.2113
92.3		-2.07147		-3.60362		0.50012		1.36858
92.4		-2.02176		-3.45926		0.495876		1.51719
92.5		-1.97191		-3.30052		0.503263		1.65561
92.6		-1.92064		-3.12852		0.524473		1.78252
92.7		-1.8665		-2.94444		0.561086		1.89687
92.8		-1.80788		-2.74959		0.614		1.9979
92.9		-1.74315		-2.54532		0.683396		2.08511
93		-1.67067		-2.33303		0.768718		2.15832
93.1		-1.58891		-2.11412		0.868693		2.21767
93.2		-1.49651		-1.88995		0.981363		2.26354
93.3		-1.3923		-1.66184		1.10416		2.29662
93.4		-1.27544		-1.43102		1.23399		2.31779
93.5		-1.14538		-1.19864		1.36733		2.32813
93.6		-1.00198		-0.965719		1.50039		2.32887
93.7		-0.845449		-0.733147		1.62918		2.32132
93.8		-0.676418		-0.501685		1.74974		2.30686
93.9		-0.495906		-0.27196		1.85819		2.28682
94		-0.305304		-0.0444644		1.95095		2.26248
94.1		-0.106346		0.180432		2.02482		2.23502
94.2		0.098939		0.402469		2.07711		2.20543
94.3		0.308285		0.621477		2.10574		2.17455
94.4		0.519249		0.837356		2.10931		2.14296
94.5		0.729287		1.05006		2.08717		2.111
94.6		0.935827		1.25955		2.03942		2.07879
94.7		1.13634		1.4658		1.96693		2.04617
94.8		1.32844		1.66876		1.87129		2.01273
94.9		1.50991		1.8683		1.75479		1.97786
95		1.6788		2.06425		1.62031		1.94075
95.1		1.83348		2.25634		1.4712		1.90042
95.2		1.97267		2.4442		1.31124		1.8558
95.3		2.0955		2.62732		1.14443		1.80573
95.4		2.20147		2.80512		0.974887		1.74905
95.5		2.29052		2.97687		0.806687		1.68464
95.6		2.36298		3.14176		0.643742		1.61145
95.7		2.41957		3.29884		0.489648		1.52861
95.8		2.46131		3.44713		0.34757		1.4354
95.9		2.48957		3.58556		0.220132		1.33133
96		2.5059		3.71303		0.109329		1.21617
96.1		2.51203		3.82842		0.0164686		1.08996
96.2		2.50981		3.93066		-0.0578745		0.953048
96.3		2.50107		4.0187		-0.113864		0.806048
96.4		2.48762		4.09156		-0.15239		0.649872
96.5		2.47113		4.1484		-0.175023		0.485694
96.6		2.45308		4.18848		-0.18395		0.314925
96.7		2.43471		4.21122		-0.181882		0.139181
96.8		2.41696		4.21621		-0.171947		-0.0397643
96.9		2.40046		4.20322		-0.157563		-0.220027
97		2.38548		4.17223		-0.142303		-0.399664
97.1		2.37191		4.12338		-0.129758		-0.576732
97.2		2.35932		4.05703		-0.123391		-0.749339
97.3		2.34692		3.97372		-0.126403		-0.9157
97.4		2.33363		3.87415		-0.141605		-1.07419
97.5		2.31812		3.75919		-0.171307		-1.22336
97.6		2.29883		3.62983		-0.217223		-1.36205
97.7		2.27409		3.48716		-0.280397		-1.4893
97.8		2.24216		3.33237		-0.36116		-1.60449
97.9		2.20129		3.16668		-0.459105		-1.70728
98		2.1498		2.99133		-0.573096		-1.79761
98.1		2.08619		2.80757		-0.701298		-1.87571
98.2		2.00915		2.61658		-0.841239		-1.94209
98.3		1.91765		2.41952		-0.989891		-1.99748
98.4		1.811		2.21742		-1.14377		-2.0428
98.5		1.68885		2.01126		-1.29908		-2.07914
98.6		1.55127		1.80185		-1.45179		-2.10769
98.7		1.39872		1.58994		-1.59783		-2.12968
98.8		1.23206		1.3761		-1.73323		-2.14634
98.9		1.05255		1.16081		-1.85423		-2.15887
99		0.861806		0.944425		-1.95742		-2.16833
99.1		0.661758		0.727211		-2.03988		-2.17567
99.2		0.4546		0.509336		-2.09927		-2.18164
99.3		0.24273		0.290911		-2.13393		-2.18676
99.4		0.0286725		0.0720019		-2.1429		-2.19133
99.5		-0.184986		-0.147339		-2.126		-2.1954
99.6		-0.395682		-0.367055		-2.0838		-2.19875
99.7		-0.600945		-0.587051		-2.01762		-2.20093
99.8		-0.798472		-0.80718		-1.92948		-2.20127
99.9		-0.986196		-1.02721		-1.82203		-2.19887
100		-1.16234		-1.24683		-1.69843		-2.19269
